0.0    200    22196    0
0.0    200    22196    1
0.0    200    22196    2
0.04746483335427944    200    24573    0
0.0    200    24573    1
0.0    200    24573    2
0.05254905423971512    200    21032    0
0.0    200    21032    1
0.0    200    21032    2
0.04497423450835518    200    24259    0
0.0    200    24259    1
0.0    200    24259    2
0.05187598128210147    200    21292    0
0.0    200    21292    1
0.0    200    21292    2
0.04553247607307975    200    25050    0
0.0    200    25050    1
0.0    200    25050    2
0.053570213085070095    200    24044    0
0.0    200    24044    1
0.0    200    24044    2
0.051418763964131364    200    25059    0
0.0    200    25059    1
0.0    200    25059    2
0.05358994759348129    200    21904    0
0.0    200    21904    1
0.0    200    21904    2
0.04684017570095639    200    23681    0
0.0    200    23681    1
0.0    200    23681    2
0.05064365683069688    200    25189    0
0.0    200    25189    1
0.0    200    25189    2
0.053864466288150614    200    24504    0
0.0    200    24504    1
0.0    200    24504    2
0.05239886518651382    200    23497    0
0.0    200    23497    1
0.0    200    23497    2
0.050248888370215794    200    22213    0
0.0    200    22213    1
0.0    200    22213    2
0.047500467992008244    200    24394    0
0.0    200    24394    1
0.0    200    24394    2
0.0521667829419139    200    21840    0
0.0    200    21840    1
0.0    200    21840    2
0.046705395875280886    200    24733    0
0.0    200    24733    1
0.0    200    24733    2
0.05289119488244376    200    23067    0
0.0    200    23067    1
0.0    200    23067    2
0.04932748244524121    200    24542    0
0.0    200    24542    1
0.0    200    24542    2
0.052483133410239136    200    22266    0
0.0    200    22266    1
0.0    200    22266    2
0.04761285935481363    200    23829    0
0.0    200    23829    1
0.0    200    23829    2
0.05096078050376107    200    21192    0
0.0    200    21192    1
0.0    200    21192    2
0.04531791518681372    200    22158    0
0.0    200    22158    1
0.0    200    22158    2
0.047384338257767    200    21536    0
0.0    200    21536    1
0.0    200    21536    2
0.046054069967343736    200    25188    0
0.0    200    25188    1
0.0    200    25188    2
0.05386193901699898    200    24991    0
0.0    200    24991    1
0.0    200    24991    2
0.05344196078010022    200    21546    0
0.0    200    21546    1
0.0    200    21546    2
0.04607372367293272    200    21283    0
0.0    200    21283    1
0.0    200    21283    2
0.04551493240262183    200    21125    0
0.0    200    21125    1
0.0    200    21125    2
0.045175510102053895    200    21192    0
0.0    200    21192    1
0.0    200    21192    2
0.04531815036753173    200    23601    0
0.0    200    23601    1
0.0    200    23601    2
0.05046866506672143    200    23376    0
0.0    200    23376    1
0.0    200    23376    2
0.049988512609494995    200    23266    0
0.0    200    23266    1
0.0    200    23266    2
0.04975297261907308    200    24525    0
0.0    200    24525    1
0.0    200    24525    2
0.052447362900094774    200    23937    0
0.0    200    23937    1
0.0    200    23937    2
0.05118770961521002    200    24493    0
0.0    200    24493    1
0.0    200    24493    2
0.05237515644893165    200    23386    0
0.0    200    23386    1
0.0    200    23386    2
0.050009932939210744    200    21883    0
0.0    200    21883    1
0.0    200    21883    2
0.04679496418948892    200    22329    0
0.0    200    22329    1
0.0    200    22329    2
0.04775072339843667    200    25512    0
0.0    200    25512    1
0.0    200    25512    2
0.054554776102648805    200    21227    0
0.0    200    21227    1
0.0    200    21227    2
0.045392040394689914    200    23882    0
0.0    200    23882    1
0.0    200    23882    2
0.05107275385303289    200    22338    0
0.0    200    22338    1
0.0    200    22338    2
0.04776981056540697    200    24891    0
0.0    200    24891    1
0.0    200    24891    2
0.05323065631366397    200    25547    0
0.0    200    25547    1
0.0    200    25547    2
0.05462811866157935    200    21306    0
0.0    200    21306    1
0.0    200    21306    2
0.04556272853915999    200    24184    0
0.0    200    24184    1
0.0    200    24184    2
0.05171965816992374    200    24636    0
0.0    200    24636    1
0.0    200    24636    2
0.05268208185848611    200    24343    0
0.0    200    24343    1
0.0    200    24343    2
0.052055099383013115    200    21664    0
0.0    200    21664    1
0.0    200    21664    2
0.04632836875766966    200    22474    0
0.0    200    22474    1
0.0    200    22474    2
0.04806257946402903    200    22042    0
0.0    200    22042    1
0.0    200    22042    2
0.04713631264631557    200    23976    0
0.0    200    23976    1
0.0    200    23976    2
0.05127016707025378    200    21808    0
0.0    200    21808    1
0.0    200    21808    2
0.04663747363148518    200    24451    0
0.0    200    24451    1
0.0    200    24451    2
0.05228729063826787    200    24188    0
0.0    200    24188    1
0.0    200    24188    2
0.05172664114936065    200    23130    0
0.0    200    23130    1
0.0    200    23130    2
0.04945975973409267    200    22469    0
0.0    200    22469    1
0.0    200    22469    2
0.04805123251738763    200    23375    0
0.0    200    23375    1
0.0    200    23375    2
0.049987274488860756    200    24159    0
0.0    200    24159    1
0.0    200    24159    2
0.051660550335763666    200    22071    0
0.0    200    22071    1
0.0    200    22071    2
0.04719628166723444    200    22253    0
0.0    200    22253    1
0.0    200    22253    2
0.017830826025527102    200    23133    0
0.0    200    23133    1
0.0    200    23133    2
0.01853537572290742    200    21107    0
0.0    200    21107    1
0.0    200    21107    2
0.016913961974651226    200    21385    0
0.0    200    21385    1
0.0    200    21385    2
0.01713545726956056    200    21845    0
0.0    200    21845    1
0.0    200    21845    2
0.017504095807957754    200    22881    0
0.0    200    22881    1
0.0    200    22881    2
0.018334533265027098    200    24701    0
0.0    200    24701    1
0.0    200    24701    2
0.01979385933131761    200    21288    0
0.0    200    21288    1
0.0    200    21288    2
0.01705848396711085    200    23042    0
0.0    200    23042    1
0.0    200    23042    2
0.01846338262055447    200    21257    0
0.0    200    21257    1
0.0    200    21257    2
0.017034148337227606    200    21951    0
0.0    200    21951    1
0.0    200    21951    2
0.01759002418290878    200    21372    0
0.0    200    21372    1
0.0    200    21372    2
0.017125126237530264    200    24823    0
0.0    200    24823    1
0.0    200    24823    2
0.01989029552559174    200    21196    0
0.0    200    21196    1
0.0    200    21196    2
0.016983807666125283    200    25390    0
0.0    200    25390    1
0.0    200    25390    2
0.020345713740370197    200    24648    0
0.0    200    24648    1
0.0    200    24648    2
0.019749804482581013    200    24412    0
0.0    200    24412    1
0.0    200    24412    2
0.019561525255764156    200    21124    0
0.0    200    21124    1
0.0    200    21124    2
0.01692745284033048    200    21732    0
0.0    200    21732    1
0.0    200    21732    2
0.0174136055425147    200    21805    0
0.0    200    21805    1
0.0    200    21805    2
0.017472771648746388    200    21161    0
0.0    200    21161    1
0.0    200    21161    2
0.016956003800970176    200    22290    0
0.0    200    22290    1
0.0    200    22290    2
0.017861680746366737    200    21366    0
0.0    200    21366    1
0.0    200    21366    2
0.017120487677898755    200    25276    0
0.0    200    25276    1
0.0    200    25276    2
0.02025366904524928    200    22446    0
0.0    200    22446    1
0.0    200    22446    2
0.01798727165944669    200    23640    0
0.0    200    23640    1
0.0    200    23640    2
0.01894200577132299    200    24290    0
0.0    200    24290    1
0.0    200    24290    2
0.019463494670562298    200    24269    0
0.0    200    24269    1
0.0    200    24269    2
0.01944671098006001    200    23978    0
0.0    200    23978    1
0.0    200    23978    2
0.01921318166947117    200    24712    0
0.0    200    24712    1
0.0    200    24712    2
0.019802647714790123    200    21633    0
0.0    200    21633    1
0.0    200    21633    2
0.01733469270775778    200    25290    0
0.0    200    25290    1
0.0    200    25290    2
0.020264924873989454    200    24430    0
0.0    200    24430    1
0.0    200    24430    2
0.01957540753108189    200    24074    0
0.0    200    24074    1
0.0    200    24074    2
0.019290823980410376    200    22026    0
0.0    200    22026    1
0.0    200    22026    2
0.01764945521267114    200    21168    0
0.0    200    21168    1
0.0    200    21168    2
0.016961840060056854    200    23125    0
0.0    200    23125    1
0.0    200    23125    2
0.01852941645843531    200    21447    0
0.0    200    21447    1
0.0    200    21447    2
0.017185916693720493    200    21654    0
0.0    200    21654    1
0.0    200    21654    2
0.01735137930538988    200    24002    0
0.0    200    24002    1
0.0    200    24002    2
0.019233585079398097    200    25555    0
0.0    200    25555    1
0.0    200    25555    2
0.020478338653997064    200    23885    0
0.0    200    23885    1
0.0    200    23885    2
0.019139695431927173    200    23558    0
0.0    200    23558    1
0.0    200    23558    2
0.018877001765585266    200    25041    0
0.0    200    25041    1
0.0    200    25041    2
0.020066011391622673    200    23045    0
0.0    200    23045    1
0.0    200    23045    2
0.018465680748906088    200    21837    0
0.0    200    21837    1
0.0    200    21837    2
0.01749803431214003    200    25122    0
0.0    200    25122    1
0.0    200    25122    2
0.02013009120767384    200    21593    0
0.0    200    21593    1
0.0    200    21593    2
0.017303644991683687    200    21058    0
0.0    200    21058    1
0.0    200    21058    2
0.016873096724752568    200    24775    0
0.0    200    24775    1
0.0    200    24775    2
0.019852231401480402    200    21431    0
0.0    200    21431    1
0.0    200    21431    2
0.017173670659345053    200    25660    0
0.0    200    25660    1
0.0    200    25660    2
0.020560624063036492    200    22474    0
0.0    200    22474    1
0.0    200    22474    2
0.01800918975007093    200    24172    0
0.0    200    24172    1
0.0    200    24172    2
0.019367976969758338    200    24715    0
0.0    200    24715    1
0.0    200    24715    2
0.01980455037557949    200    21696    0
0.0    200    21696    1
0.0    200    21696    2
0.01738448130822068    200    22675    0
0.0    200    22675    1
0.0    200    22675    2
0.01816968105465211    200    24746    0
0.0    200    24746    1
0.0    200    24746    2
0.01982959539920426    200    21907    0
0.0    200    21907    1
0.0    200    21907    2
0.017553316557000542    200    25659    0
0.0    200    25659    1
0.0    200    25659    2
0.020560339424340768    200    21969    0
0.0    200    21969    1
0.0    200    21969    2
0.017604250803674226    200    23288    0
0.0    200    23288    1
0.0    200    23288    2
0.018659690841768217    200    23325    0
0.0    200    23325    1
0.0    200    23325    2
0.01869115888829853    200    23252    0
0.0    200    23252    1
0.0    200    23252    2
0.018631664328895958    200    24834    0
0.0    200    24834    1
0.0    200    24834    2
0.01989914959467054    200    22780    0
0.0    200    22780    1
0.0    200    22780    2
0.018252718109875943    200    22954    0
0.0    200    22954    1
0.0    200    22954    2
0.01839229574577317    200    25011    0
0.0    200    25011    1
0.0    200    25011    2
0.0200408080682557    200    24832    0
0.0    200    24832    1
0.0    200    24832    2
0.019896875646006507    200    23332    0
0.0    200    23332    1
0.0    200    23332    2
0.018696488837645298    200    24123    0
0.0    200    24123    1
0.0    200    24123    2
0.01932961345430151    200    22466    0
0.0    200    22466    1
0.0    200    22466    2
0.018002958773765343    200    25407    0
0.0    200    25407    1
0.0    200    25407    2
0.020358837777025407    200    24454    0
0.0    200    24454    1
0.0    200    24454    2
0.019594305177295546    200    22841    0
0.0    200    22841    1
0.0    200    22841    2
0.01830272639450392    200    25016    0
0.0    200    25016    1
0.0    200    25016    2
0.02004427233916317    200    24283    0
0.0    200    24283    1
0.0    200    24283    2
0.01945730167188664    200    21877    0
0.0    200    21877    1
0.0    200    21877    2
0.017530026684506872    200    25082    0
0.0    200    25082    1
0.0    200    25082    2
0.020098233461683712    200    24911    0
0.0    200    24911    1
0.0    200    24911    2
0.01996189913237778    200    23235    0
0.0    200    23235    1
0.0    200    23235    2
0.018617726589326367    200    22360    0
0.0    200    22360    1
0.0    200    22360    2
0.017917455933298854    200    21796    0
0.0    200    21796    1
0.0    200    21796    2
0.01746544047378329    200    22389    0
0.0    200    22389    1
0.0    200    22389    2
0.01794021158039083    200    22305    0
0.0    200    22305    1
0.0    200    22305    2
0.01787332203490788    200    23164    0
0.0    200    23164    1
0.0    200    23164    2
0.01856158353522197    200    25063    0
0.0    200    25063    1
0.0    200    25063    2
0.02008358657663578    200    21635    0
0.0    200    21635    1
0.0    200    21635    2
0.017336256195252808    200    23050    0
0.0    200    23050    1
0.0    200    23050    2
0.01847022618421068    200    23923    0
0.0    200    23923    1
0.0    200    23923    2
0.019169356549329386    200    23118    0
0.0    200    23118    1
0.0    200    23118    2
0.018523794461059673    200    22427    0
0.0    200    22427    1
0.0    200    22427    2
0.017970004700334385    200    25574    0
0.0    200    25574    1
0.0    200    25574    2
0.02049308831778429    200    23811    0
0.0    200    23811    1
0.0    200    23811    2
0.01907858689635411    200    22333    0
0.0    200    22333    1
0.0    200    22333    2
0.01789590771376659    200    21447    0
0.0    200    21447    1
0.0    200    21447    2
0.017186007958203575    200    23973    0
0.0    200    23973    1
0.0    200    23973    2
0.019208612670146508    200    22800    0
0.0    200    22800    1
0.0    200    22800    2
0.01827054977589171    200    23146    0
0.0    200    23146    1
0.0    200    23146    2
0.018547680698572933    200    23717    0
0.0    200    23717    1
0.0    200    23717    2
0.01900501870236404    200    21075    0
0.0    200    21075    1
0.0    200    21075    2
0.01688867751427825    200    22399    0
0.0    200    22399    1
0.0    200    22399    2
0.017947971498266213    200    22624    0
0.0    200    22624    1
0.0    200    22624    2
0.018129405333477955    200    24206    0
0.0    200    24206    1
0.0    200    24206    2
0.019396396483434053    200    22565    0
0.0    200    22565    1
0.0    200    22565    2
0.018081289283625068    200    24868    0
0.0    200    24868    1
0.0    200    24868    2
0.01992769383054771    200    25459    0
0.0    200    25459    1
0.0    200    25459    2
2.2118041257947247    200    25031    0
0.0    200    25031    1
0.0    200    25031    2
0.017463087467057825    200    21533    0
0.0    200    21533    1
0.0    200    21533    2
0.015023361718578876    200    23913    0
0.0    200    23913    1
0.0    200    23913    2
0.016683489642478122    200    22681    0
0.0    200    22681    1
0.0    200    22681    2
0.015824562275067677    200    21641    0
0.0    200    21641    1
0.0    200    21641    2
0.015098769118443656    200    22667    0
0.0    200    22667    1
0.0    200    22667    2
0.01581479180652945    200    25016    0
0.0    200    25016    1
0.0    200    25016    2
0.017452414405116023    200    23473    0
0.0    200    23473    1
0.0    200    23473    2
0.016376400270155855    200    24988    0
0.0    200    24988    1
0.0    200    24988    2
0.01743369460932076    200    25603    0
0.0    200    25603    1
0.0    200    25603    2
0.017862880894644384    200    21028    0
0.0    200    21028    1
0.0    200    21028    2
0.014670872488477649    200    24580    0
0.0    200    24580    1
0.0    200    24580    2
0.017149386055397287    200    23028    0
0.0    200    23028    1
0.0    200    23028    2
0.016066348755383153    200    23950    0
0.0    200    23950    1
0.0    200    23950    2
0.01670944169088795    200    25629    0
0.0    200    25629    1
0.0    200    25629    2
0.017881138243375005    200    22684    0
0.0    200    22684    1
0.0    200    22684    2
0.015826649196723608    200    21811    0
0.0    200    21811    1
0.0    200    21811    2
0.015217843183447322    200    21255    0
0.0    200    21255    1
0.0    200    21255    2
0.014830055169900547    200    23086    0
0.0    200    23086    1
0.0    200    23086    2
0.01610627274776455    200    21891    0
0.0    200    21891    1
0.0    200    21891    2
0.015272696112995199    200    22807    0
0.0    200    22807    1
0.0    200    22807    2
0.01591285458305336    200    25176    0
0.0    200    25176    1
0.0    200    25176    2
0.017564486598748985    200    25351    0
0.0    200    25351    1
0.0    200    25351    2
0.017686365312898467    200    22147    0
0.0    200    22147    1
0.0    200    22147    2
0.01545202947040547    200    25601    0
0.0    200    25601    1
0.0    200    25601    2
0.01786148333247084    200    25605    0
0.0    200    25605    1
0.0    200    25605    2
0.017864810521625252    200    22284    0
0.0    200    22284    1
0.0    200    22284    2
0.015547844380086495    200    21463    0
0.0    200    21463    1
0.0    200    21463    2
0.014974569697482565    200    23051    0
0.0    200    23051    1
0.0    200    23051    2
0.016082314953885124    200    23578    0
0.0    200    23578    1
0.0    200    23578    2
0.016449790764928807    200    22762    0
0.0    200    22762    1
0.0    200    22762    2
0.015880289820307425    200    22021    0
0.0    200    22021    1
0.0    200    22021    2
0.015364012641788882    200    22136    0
0.0    200    22136    1
0.0    200    22136    2
0.01544484173554661    200    22548    0
0.0    200    22548    1
0.0    200    22548    2
0.015731530495263435    200    23343    0
0.0    200    23343    1
0.0    200    23343    2
0.01628661531690856    200    25023    0
0.0    200    25023    1
0.0    200    25023    2
0.017457651997675683    200    21049    0
0.0    200    21049    1
0.0    200    21049    2
0.014685101619382301    200    23368    0
0.0    200    23368    1
0.0    200    23368    2
0.016303955807631887    200    21151    0
0.0    200    21151    1
0.0    200    21151    2
0.01475673344192252    200    21694    0
0.0    200    21694    1
0.0    200    21694    2
0.015135154722240252    200    25534    0
0.0    200    25534    1
0.0    200    25534    2
0.017814162609242956    200    21968    0
0.0    200    21968    1
0.0    200    21968    2
0.015327177486845756    200    25012    0
0.0    200    25012    1
0.0    200    25012    2
0.01745014313400972    200    25156    0
0.0    200    25156    1
0.0    200    25156    2
0.017550518088114586    200    25583    0
0.0    200    25583    1
0.0    200    25583    2
0.017849203332883867    200    22966    0
0.0    200    22966    1
0.0    200    22966    2
0.016023596898079084    200    25144    0
0.0    200    25144    1
0.0    200    25144    2
0.017541994398759364    200    21398    0
0.0    200    21398    1
0.0    200    21398    2
0.01492867112651819    200    24823    0
0.0    200    24823    1
0.0    200    24823    2
0.01731830073280527    200    21015    0
0.0    200    21015    1
0.0    200    21015    2
0.014661875177994332    200    22803    0
0.0    200    22803    1
0.0    200    22803    2
0.015910093078799648    200    21417    0
0.0    200    21417    1
0.0    200    21417    2
0.014942878250376879    200    24262    0
0.0    200    24262    1
0.0    200    24262    2
0.016927016364146397    200    21140    0
0.0    200    21140    1
0.0    200    21140    2
0.014749235287263573    200    24091    0
0.0    200    24091    1
0.0    200    24091    2
0.016807705505472725    200    21092    0
0.0    200    21092    1
0.0    200    21092    2
0.014716151048343562    200    23782    0
0.0    200    23782    1
0.0    200    23782    2
0.016591675535964967    200    21970    0
0.0    200    21970    1
0.0    200    21970    2
0.015328494050619312    200    24798    0
0.0    200    24798    1
0.0    200    24798    2
0.0173012926654863    200    22112    0
0.0    200    22112    1
0.0    200    22112    2
0.015428205184759847    200    22562    0
0.0    200    22562    1
0.0    200    22562    2
0.015741101048798    200    22775    0
0.0    200    22775    1
0.0    200    22775    2
0.015889516646360846    200    25243    0
0.0    200    25243    1
0.0    200    25243    2
0.017612423048067427    200    25164    0
0.0    200    25164    1
0.0    200    25164    2
0.01755599177221079    200    23356    0
0.0    200    23356    1
0.0    200    23356    2
0.016295397406732803    200    24905    0
0.0    200    24905    1
0.0    200    24905    2
0.01737610586787497    200    25098    0
0.0    200    25098    1
0.0    200    25098    2
0.01751089214160828    200    22424    0
0.0    200    22424    1
0.0    200    22424    2
0.01564447694895499    200    21891    0
0.0    200    21891    1
0.0    200    21891    2
0.015272795288156615    200    22277    0
0.0    200    22277    1
0.0    200    22277    2
0.015543210271374619    200    23493    0
0.0    200    23493    1
0.0    200    23493    2
0.01639141766075447    200    22765    0
0.0    200    22765    1
0.0    200    22765    2
0.015882591727708117    200    25399    0
0.0    200    25399    1
0.0    200    25399    2
0.017721138632438738    200    22073    0
0.0    200    22073    1
0.0    200    22073    2
0.015399796314344627    200    24890    0
0.0    200    24890    1
0.0    200    24890    2
0.017365574170367992    200    23787    0
0.0    200    23787    1
0.0    200    23787    2
0.01659539459107684    200    25410    0
0.0    200    25410    1
0.0    200    25410    2
0.017728407636926846    200    23054    0
0.0    200    23054    1
0.0    200    23054    2
0.01608438430028869    200    25455    0
0.0    200    25455    1
0.0    200    25455    2
0.01775966871740664    200    22492    0
0.0    200    22492    1
0.0    200    22492    2
0.015693071676013304    200    23090    0
0.0    200    23090    1
0.0    200    23090    2
0.01610889071269206    200    24311    0
0.0    200    24311    1
0.0    200    24311    2
0.01696065661670154    200    22997    0
0.0    200    22997    1
0.0    200    22997    2
0.0160449938437619    200    23782    0
0.0    200    23782    1
0.0    200    23782    2
0.016592261440957046    200    23689    0
0.0    200    23689    1
0.0    200    23689    2
0.01652828131945583    200    22994    0
0.0    200    22994    1
0.0    200    22994    2
0.016043422033293453    200    23076    0
0.0    200    23076    1
0.0    200    23076    2
0.01609934977693861    200    22374    0
0.0    200    22374    1
0.0    200    22374    2
0.015609734452302959    200    23605    0
0.0    200    23605    1
0.0    200    23605    2
0.016468795267359226    200    22918    0
0.0    200    22918    1
0.0    200    22918    2
0.015989219626813878    200    24081    0
0.0    200    24081    1
0.0    200    24081    2
0.016801322740954916    200    23920    0
0.0    200    23920    1
0.0    200    23920    2
0.016688464920219914    200    24489    0
0.0    200    24489    1
0.0    200    24489    2
0.017085396910214712    200    25457    0
0.0    200    25457    1
0.0    200    25457    2
0.017760692535421896    200    21406    0
0.0    200    21406    1
0.0    200    21406    2
0.014933699624394947    200    24795    0
0.0    200    24795    1
0.0    200    24795    2
0.017298740659498435    200    25363    0
0.0    200    25363    1
0.0    200    25363    2
0.017694853725977566    200    24255    0
0.0    200    24255    1
0.0    200    24255    2
0.016922260133776845    200    23937    0
0.0    200    23937    1
0.0    200    23937    2
0.016700459632872366    200    25201    0
0.0    200    25201    1
0.0    200    25201    2
0.01758135246513426    200    22158    0
0.0    200    22158    1
0.0    200    22158    2
0.015459581255443666    200    25620    0
0.0    200    25620    1
0.0    200    25620    2
0.017874510727446946    200    21012    0
0.0    200    21012    1
0.0    200    21012    2
0.014659661310547634    200    23402    0
0.0    200    23402    1
0.0    200    23402    2
0.016326865850009753    200    24417    0
0.0    200    24417    1
0.0    200    24417    2
0.017035712394330105    200    21417    0
0.0    200    21417    1
0.0    200    21417    2
0.014943471021762633    200    23007    0
0.0    200    23007    1
0.0    200    23007    2
0.016052321875436704    200    25206    0
0.0    200    25206    1
0.0    200    25206    2
0.01758469612935265    200    22434    0
0.0    200    22434    1
0.0    200    22434    2
0.015651085465705705    200    24431    0
0.0    200    24431    1
0.0    200    24431    2
0.017045007632223275    200    25223    0
0.0    200    25223    1
0.0    200    25223    2
0.01759862528269629    200    24255    0
0.0    200    24255    1
0.0    200    24255    2
0.016922458004296814    200    23172    0
0.0    200    23172    1
0.0    200    23172    2
0.01616731364631896    200    22865    0
0.0    200    22865    1
0.0    200    22865    2
0.015952624138650506    200    21419    0
0.0    200    21419    1
0.0    200    21419    2
0.014944627535301791    200    25139    0
0.0    200    25139    1
0.0    200    25139    2
0.017539046865877594    200    24789    0
0.0    200    24789    1
0.0    200    24789    2
0.017294706613636635    200    24062    0
0.0    200    24062    1
0.0    200    24062    2
0.016787595985018555    200    25265    0
0.0    200    25265    1
0.0    200    25265    2
0.017627241652018455    200    25300    0
0.0    200    25300    1
0.0    200    25300    2
0.017651614416308803    200    22320    0
0.0    200    22320    1
0.0    200    22320    2
0.015573092927347432    200    21367    0
0.0    200    21367    1
0.0    200    21367    2
0.014907356528157223    200    22253    0
0.0    200    22253    1
0.0    200    22253    2
0.015524720784689805    200    22732    0
0.0    200    22732    1
0.0    200    22732    2
0.015859822269540302    200    21503    0
0.0    200    21503    1
0.0    200    21503    2
0.01500228902389722    200    22798    0
0.0    200    22798    1
0.0    200    22798    2
0.015906613390491486    200    21880    0
0.0    200    21880    1
0.0    200    21880    2
0.015265013651168502    200    23742    0
0.0    200    23742    1
0.0    200    23742    2
0.01656425869241218    200    21212    0
0.0    200    21212    1
0.0    200    21212    2
0.014798626605388776    200    21706    0
0.0    200    21706    1
0.0    200    21706    2
0.015143611644823807    200    23769    0
0.0    200    23769    1
0.0    200    23769    2
0.016583200773785833    200    24939    0
0.0    200    24939    1
0.0    200    24939    2
0.017399738557378086    200    23353    0
0.0    200    23353    1
0.0    200    23353    2
0.01629373769539022    200    23347    0
0.0    200    23347    1
0.0    200    23347    2
0.01628967262986869    200    24401    0
0.0    200    24401    1
0.0    200    24401    2
0.017024139638696312    200    24790    0
0.0    200    24790    1
0.0    200    24790    2
0.017295220433650726    200    22071    0
0.0    200    22071    1
0.0    200    22071    2
0.015398392238816783    200    25317    0
0.0    200    25317    1
0.0    200    25317    2
0.017663302568573513    200    25002    0
0.0    200    25002    1
0.0    200    25002    2
0.017442973991602884    200    25396    0
0.0    200    25396    1
0.0    200    25396    2
0.017719215434842894    200    22234    0
0.0    200    22234    1
0.0    200    22234    2
0.015512116533994202    200    23906    0
0.0    200    23906    1
0.0    200    23906    2
0.016678800637736302    200    23441    0
0.0    200    23441    1
0.0    200    23441    2
0.016353954728712594    200    23290    0
0.0    200    23290    1
0.0    200    23290    2
0.01624873076914035    200    25017    0
0.0    200    25017    1
0.0    200    25017    2
0.01745303009942134    200    23716    0
0.0    200    23716    1
0.0    200    23716    2
0.016546202390099296    200    23769    0
0.0    200    23769    1
0.0    200    23769    2
0.01658272173883013    200    25455    0
0.0    200    25455    1
0.0    200    25455    2
0.017759622873255054    200    24359    0
0.0    200    24359    1
0.0    200    24359    2
0.016995724996755612    200    24653    0
0.0    200    24653    1
0.0    200    24653    2
0.0171998710190433    200    21373    0
0.0    200    21373    1
0.0    200    21373    2
0.014911539501268223    200    24085    0
0.0    200    24085    1
0.0    200    24085    2
0.016803699727248045    200    24648    0
0.0    200    24648    1
0.0    200    24648    2
0.017195923135451707    200    22924    0
0.0    200    22924    1
0.0    200    22924    2
0.015993439257842468    200    24176    0
0.0    200    24176    1
0.0    200    24176    2
0.016868005536720077    200    23560    0
0.0    200    23560    1
0.0    200    23560    2
0.016437638825424372    200    21817    0
0.0    200    21817    1
0.0    200    21817    2
0.01522199432296567    200    24871    0
0.0    200    24871    1
0.0    200    24871    2
0.0173525763020983    200    21397    0
0.0    200    21397    1
0.0    200    21397    2
0.014927623707137627    200    24858    0
0.0    200    24858    1
0.0    200    24858    2
0.017341950505226578    200    22478    0
0.0    200    22478    1
0.0    200    22478    2
0.01568322176238901    200    25534    0
0.0    200    25534    1
0.0    200    25534    2
0.017814016524962284    200    21478    0
0.0    200    21478    1
0.0    200    21478    2
0.014985096954262644    200    21347    0
0.0    200    21347    1
0.0    200    21347    2
0.014893697304859899    200    23458    0
0.0    200    23458    1
0.0    200    23458    2
0.016365648781624387    200    21489    0
0.0    200    21489    1
0.0    200    21489    2
0.014992739715014025    200    23897    0
0.0    200    23897    1
0.0    200    23897    2
0.016672907827167904    200    22281    0
0.0    200    22281    1
0.0    200    22281    2
0.01554591164606478    200    24194    0
0.0    200    24194    1
0.0    200    24194    2
0.016880245364596647    200    24849    0
0.0    200    24849    1
0.0    200    24849    2
0.017335848143762433    200    23944    0
0.0    200    23944    1
0.0    200    23944    2
0.01670515346999757    200    23027    0
0.0    200    23027    1
0.0    200    23027    2
0.04488266230925575    200    25124    0
0.0    200    25124    1
0.0    200    25124    2
0.048969726601644226    200    23029    0
0.0    200    23029    1
0.0    200    23029    2
0.044886070754648344    200    22331    0
0.0    200    22331    1
0.0    200    22331    2
0.043527592270727666    200    23684    0
0.0    200    23684    1
0.0    200    23684    2
0.04616527153533312    200    21019    0
0.0    200    21019    1
0.0    200    21019    2
0.04096880909377454    200    21643    0
0.0    200    21643    1
0.0    200    21643    2
0.04218675554335327    200    25114    0
0.0    200    25114    1
0.0    200    25114    2
0.04894958192202736    200    24357    0
0.0    200    24357    1
0.0    200    24357    2
0.04747665818600311    200    25071    0
0.0    200    25071    1
0.0    200    25071    2
0.0488673320075268    200    22536    0
0.0    200    22536    1
0.0    200    22536    2
0.04392645379996907    200    25587    0
0.0    200    25587    1
0.0    200    25587    2
0.04987324178317287    200    23044    0
0.0    200    23044    1
0.0    200    23044    2
0.044915841599324935    200    24858    0
0.0    200    24858    1
0.0    200    24858    2
0.04844933778923988    200    21575    0
0.0    200    21575    1
0.0    200    21575    2
0.04205126656287561    200    24478    0
0.0    200    24478    1
0.0    200    24478    2
0.04771029000058391    200    24606    0
0.0    200    24606    1
0.0    200    24606    2
0.047959226157145096    200    22470    0
0.0    200    22470    1
0.0    200    22470    2
0.04379860887346787    200    24381    0
0.0    200    24381    1
0.0    200    24381    2
0.047523420306598396    200    21759    0
0.0    200    21759    1
0.0    200    21759    2
0.04241316286107377    200    21935    0
0.0    200    21935    1
0.0    200    21935    2
0.04275576463491504    200    24484    0
0.0    200    24484    1
0.0    200    24484    2
0.04772095617531846    200    23673    0
0.0    200    23673    1
0.0    200    23673    2
0.04614361368706632    200    22826    0
0.0    200    22826    1
0.0    200    22826    2
0.04449228300985553    200    21173    0
0.0    200    21173    1
0.0    200    21173    2
0.041269086622289564    200    24630    0
0.0    200    24630    1
0.0    200    24630    2
0.0480065405852077    200    25071    0
0.0    200    25071    1
0.0    200    25071    2
0.04886667944148115    200    21254    0
0.0    200    21254    1
0.0    200    21254    2
0.04142803468553957    200    21402    0
0.0    200    21402    1
0.0    200    21402    2
0.041712468413509285    200    21738    0
0.0    200    21738    1
0.0    200    21738    2
0.042369418455313834    200    21948    0
0.0    200    21948    1
0.0    200    21948    2
0.042781289265423794    200    22170    0
0.0    200    22170    1
0.0    200    22170    2
0.04321183020371855    200    21846    0
0.0    200    21846    1
0.0    200    21846    2
0.04258000928989425    200    23643    0
0.0    200    23643    1
0.0    200    23643    2
0.04608046363512308    200    24433    0
0.0    200    24433    1
0.0    200    24433    2
0.047623742621254905    200    25232    0
0.0    200    25232    1
0.0    200    25232    2
0.04918157558346259    200    21164    0
0.0    200    21164    1
0.0    200    21164    2
0.04125088715268532    200    22749    0
0.0    200    22749    1
0.0    200    22749    2
0.04433870814177965    200    24266    0
0.0    200    24266    1
0.0    200    24266    2
0.04729661296872045    200    21081    0
0.0    200    21081    1
0.0    200    21081    2
0.041091605987436    200    21565    0
0.0    200    21565    1
0.0    200    21565    2
0.04203180513602334    200    22669    0
0.0    200    22669    1
0.0    200    22669    2
0.04418569994234467    200    23438    0
0.0    200    23438    1
0.0    200    23438    2
0.04568260131292767    200    25284    0
0.0    200    25284    1
0.0    200    25284    2
0.04928261435939163    200    23996    0
0.0    200    23996    1
0.0    200    23996    2
0.04676866541984026    200    22964    0
0.0    200    22964    1
0.0    200    22964    2
0.09507930917235718    200    25527    0
0.0    200    25527    1
0.0    200    25527    2
0.10569376409991449    200    22985    0
0.0    200    22985    1
0.0    200    22985    2
0.09517729054260649    200    24014    0
0.0    200    24014    1
0.0    200    24014    2
0.09943648085520174    200    21290    0
0.0    200    21290    1
0.0    200    21290    2
0.08815653960140324    200    21846    0
0.0    200    21846    1
0.0    200    21846    2
0.0904549309807301    200    25226    0
0.0    200    25226    1
0.0    200    25226    2
0.10445445660320019    200    23579    0
0.0    200    23579    1
0.0    200    23579    2
0.09763302492086723    200    23320    0
0.0    200    23320    1
0.0    200    23320    2
0.09656395801149209    200    25417    0
0.0    200    25417    1
0.0    200    25417    2
0.10524438535505176    200    24089    0
0.0    200    24089    1
0.0    200    24089    2
0.09974207487702458    200    22816    0
0.0    200    22816    1
0.0    200    22816    2
0.09447768524128364    200    24394    0
0.0    200    24394    1
0.0    200    24394    2
0.1010098781720572    200    23482    0
0.0    200    23482    1
0.0    200    23482    2
0.09722506758317628    200    23470    0
0.0    200    23470    1
0.0    200    23470    2
0.09717484202476001    200    24230    0
0.0    200    24230    1
0.0    200    24230    2
0.10032878207455198    200    24509    0
0.0    200    24509    1
0.0    200    24509    2
0.10147639474487846    200    23511    0
0.0    200    23511    1
0.0    200    23511    2
0.0973520068369389    200    22985    0
0.0    200    22985    1
0.0    200    22985    2
0.09517574435047571    200    23125    0
0.0    200    23125    1
0.0    200    23125    2
0.09574767745279367    200    24830    0
0.0    200    24830    1
0.0    200    24830    2
0.04575458118025466    200    22367    0
0.0    200    22367    1
0.0    200    22367    2
0.041217098741404    200    22344    0
0.0    200    22344    1
0.0    200    22344    2
0.04117579927568649    200    25648    0
0.0    200    25648    1
0.0    200    25648    2
0.047263673054999344    200    23854    0
0.0    200    23854    1
0.0    200    23854    2
0.0439597960128193    200    24136    0
0.0    200    24136    1
0.0    200    24136    2
0.044476821661376675    200    21920    0
0.0    200    21920    1
0.0    200    21920    2
0.040391921671457    200    21196    0
0.0    200    21196    1
0.0    200    21196    2
0.03905848575727511    200    24140    0
0.0    200    24140    1
0.0    200    24140    2
0.04448325740814596    200    21999    0
0.0    200    21999    1
0.0    200    21999    2
0.04054000738901209    200    25331    0
0.0    200    25331    1
0.0    200    25331    2
0.04667854604326216    200    23193    0
0.0    200    23193    1
0.0    200    23193    2
0.04274174819398624    200    24173    0
0.0    200    24173    1
0.0    200    24173    2
0.04454883087454142    200    24059    0
0.0    200    24059    1
0.0    200    24059    2
0.044337039549224855    200    21999    0
0.0    200    21999    1
0.0    200    21999    2
0.04054019509228901    200    24536    0
0.0    200    24536    1
0.0    200    24536    2
0.045216753150414846    200    22486    0
0.0    200    22486    1
0.0    200    22486    2
0.0414389319070434    200    25467    0
0.0    200    25467    1
0.0    200    25467    2
0.04693029472707089    200    22600    0
0.0    200    22600    1
0.0    200    22600    2
0.04164623243039145    200    22300    0
0.0    200    22300    1
0.0    200    22300    2
0.041096643067405125    200    23002    0
0.0    200    23002    1
0.0    200    23002    2
0.042390035602206666    200    22954    0
0.0    200    22954    1
0.0    200    22954    2
0.04229785449598644    200    22968    0
0.0    200    22968    1
0.0    200    22968    2
0.04232699062460554    200    22168    0
0.0    200    22168    1
0.0    200    22168    2
0.040851505534845955    200    22464    0
0.0    200    22464    1
0.0    200    22464    2
0.041398556164599754    200    23334    0
0.0    200    23334    1
0.0    200    23334    2
0.04300151341523417    200    21703    0
0.0    200    21703    1
0.0    200    21703    2
0.03999349454888801    200    22179    0
0.0    200    22179    1
0.0    200    22179    2
0.04087100831492485    200    21210    0
0.0    200    21210    1
0.0    200    21210    2
0.03908474322438771    200    23593    0
0.0    200    23593    1
0.0    200    23593    2
0.043476147294713385    200    24820    0
0.0    200    24820    1
0.0    200    24820    2
0.04573639813160213    200    24332    0
0.0    200    24332    1
0.0    200    24332    2
0.04483714120570603    200    24508    0
0.0    200    24508    1
0.0    200    24508    2
0.045160968634755605    200    24306    0
0.0    200    24306    1
0.0    200    24306    2
0.04478929879003424    200    23306    0
0.0    200    23306    1
0.0    200    23306    2
0.04294700884854663    200    22547    0
0.0    200    22547    1
0.0    200    22547    2
0.04154879734171857    200    24242    0
0.0    200    24242    1
0.0    200    24242    2
0.04467370427313888    200    21727    0
0.0    200    21727    1
0.0    200    21727    2
0.040037687652148435    200    25610    0
0.0    200    25610    1
0.0    200    25610    2
0.047195325183245984    200    25175    0
0.0    200    25175    1
0.0    200    25175    2
0.0463910391971023    200    23969    0
0.0    200    23969    1
0.0    200    23969    2
0.04416880912326171    200    24081    0
0.0    200    24081    1
0.0    200    24081    2
0.044377309619738625    200    25540    0
0.0    200    25540    1
0.0    200    25540    2
0.04706261455772065    200    21376    0
0.0    200    21376    1
0.0    200    21376    2
0.03939048034972181    200    24570    0
0.0    200    24570    1
0.0    200    24570    2
0.0452782551826747    200    25257    0
0.0    200    25257    1
0.0    200    25257    2
0.04654377736689774    200    21101    0
0.0    200    21101    1
0.0    200    21101    2
0.03888620948365684    200    22222    0
0.0    200    22222    1
0.0    200    22222    2
0.06683770876711392    200    21221    0
0.0    200    21221    1
0.0    200    21221    2
0.0638241907566588    200    21157    0
0.0    200    21157    1
0.0    200    21157    2
0.06363492291804462    200    21291    0
0.0    200    21291    1
0.0    200    21291    2
0.06404033920172836    200    21930    0
0.0    200    21930    1
0.0    200    21930    2
0.06596409130420611    200    24558    0
0.0    200    24558    1
0.0    200    24558    2
0.07386693888459206    200    25051    0
0.0    200    25051    1
0.0    200    25051    2
0.07534920913585808    200    23109    0
0.0    200    23109    1
0.0    200    23109    2
0.06950467132886473    200    21874    0
0.0    200    21874    1
0.0    200    21874    2
0.0657918025317521    200    21067    0
0.0    200    21067    1
0.0    200    21067    2
0.06336690170651949    200    24296    0
0.0    200    24296    1
0.0    200    24296    2
0.0730752513191959    200    24680    0
0.0    200    24680    1
0.0    200    24680    2
0.07422735941962344    200    23942    0
0.0    200    23942    1
0.0    200    23942    2
0.07201064634731935    200    22803    0
0.0    200    22803    1
0.0    200    22803    2
0.06858744971910724    200    21958    0
0.0    200    21958    1
0.0    200    21958    2
0.06604530857230628    200    22737    0
0.0    200    22737    1
0.0    200    22737    2
0.028930804835024304    200    22833    0
0.0    200    22833    1
0.0    200    22833    2
0.029054017908759278    200    24838    0
0.0    200    24838    1
0.0    200    24838    2
0.03160311106199032    200    24021    0
0.0    200    24021    1
0.0    200    24021    2
0.030565742647656435    200    21848    0
0.0    200    21848    1
0.0    200    21848    2
0.027799390409384728    200    21298    0
0.0    200    21298    1
0.0    200    21298    2
0.027099761636012687    200    24584    0
0.0    200    24584    1
0.0    200    24584    2
0.03128155583027592    200    21991    0
0.0    200    21991    1
0.0    200    21991    2
0.027982315990318085    200    21920    0
0.0    200    21920    1
0.0    200    21920    2
0.027889441949191962    200    21562    0
0.0    200    21562    1
0.0    200    21562    2
0.0274351553628982    200    23170    0
0.0    200    23170    1
0.0    200    23170    2
0.02948317767743802    200    23703    0
0.0    200    23703    1
0.0    200    23703    2
0.030160676954977816    200    21391    0
0.0    200    21391    1
0.0    200    21391    2
0.02721687274744511    200    22704    0
0.0    200    22704    1
0.0    200    22704    2
0.028888483951135413    200    21314    0
0.0    200    21314    1
0.0    200    21314    2
0.02712015100051346    200    21530    0
0.0    200    21530    1
0.0    200    21530    2
0.027394919279647212    200    25075    0
0.0    200    25075    1
0.0    200    25075    2
0.031906050822126275    200    22840    0
0.0    200    22840    1
0.0    200    22840    2
0.029062722030804622    200    21941    0
0.0    200    21941    1
0.0    200    21941    2
0.02791973245949464    200    24870    0
0.0    200    24870    1
0.0    200    24870    2
0.03164582626324375    200    21168    0
0.0    200    21168    1
0.0    200    21168    2
0.026934646402555273    200    22885    0
0.0    200    22885    1
0.0    200    22885    2
0.029119092695037097    200    23285    0
0.0    200    23285    1
0.0    200    23285    2
0.029626552927776828    200    23070    0
0.0    200    23070    1
0.0    200    23070    2
0.029353860472600246    200    24117    0
0.0    200    24117    1
0.0    200    24117    2
0.030686528719652273    200    22693    0
0.0    200    22693    1
0.0    200    22693    2
0.02887478210881156    200    22752    0
0.0    200    22752    1
0.0    200    22752    2
0.028949478234604697    200    21744    0
0.0    200    21744    1
0.0    200    21744    2
0.02766570293283621    200    23917    0
0.0    200    23917    1
0.0    200    23917    2
0.03043148108803706    200    23298    0
0.0    200    23298    1
0.0    200    23298    2
0.029642847642929127    200    24020    0
0.0    200    24020    1
0.0    200    24020    2
0.030564824815947134    200    25641    0
0.0    200    25641    1
0.0    200    25641    2
0.0326255262116355    200    21957    0
0.0    200    21957    1
0.0    200    21957    2
0.027939793319394113    200    25146    0
0.0    200    25146    1
0.0    200    25146    2
0.031994806028109224    200    24827    0
0.0    200    24827    1
0.0    200    24827    2
0.031589427116752944    200    23908    0
0.0    200    23908    1
0.0    200    23908    2
0.030420647647673604    200    21336    0
0.0    200    21336    1
0.0    200    21336    2
0.02714801759233154    200    21408    0
0.0    200    21408    1
0.0    200    21408    2
0.027237932714196944    200    22321    0
0.0    200    22321    1
0.0    200    22321    2
0.028402759127981625    200    25034    0
0.0    200    25034    1
0.0    200    25034    2
0.031852125457277225    200    24771    0
0.0    200    24771    1
0.0    200    24771    2
0.03151878066638503    200    25586    0
0.0    200    25586    1
0.0    200    25586    2
0.03255629874985644    200    24354    0
0.0    200    24354    1
0.0    200    24354    2
0.03098989062038271    200    24720    0
0.0    200    24720    1
0.0    200    24720    2
0.03145531596341655    200    23587    0
0.0    200    23587    1
0.0    200    23587    2
0.030012551249907204    200    25612    0
0.0    200    25612    1
0.0    200    25612    2
0.032589446070367956    200    23381    0
0.0    200    23381    1
0.0    200    23381    2
0.029750040715022408    200    23782    0
0.0    200    23782    1
0.0    200    23782    2
0.03025935629496601    200    22348    0
0.0    200    22348    1
0.0    200    22348    2
0.028436541206652066    200    24260    0
0.0    200    24260    1
0.0    200    24260    2
0.030868561840204478    200    23496    0
0.0    200    23496    1
0.0    200    23496    2
0.029898037113184728    200    22574    0
0.0    200    22574    1
0.0    200    22574    2
0.02872205279559381    200    23928    0
0.0    200    23928    1
0.0    200    23928    2
0.030446314958307852    200    24046    0
0.0    200    24046    1
0.0    200    24046    2
0.030597193174148885    200    23657    0
0.0    200    23657    1
0.0    200    23657    2
0.030102765149628397    200    22457    0
0.0    200    22457    1
0.0    200    22457    2
0.028575992348130796    200    22534    0
0.0    200    22534    1
0.0    200    22534    2
0.0286726637990391    200    23518    0
0.0    200    23518    1
0.0    200    23518    2
0.029924924414984844    200    25100    0
0.0    200    25100    1
0.0    200    25100    2
0.03193823459193723    200    22216    0
0.0    200    22216    1
0.0    200    22216    2
0.02826738859588218    200    24113    0
0.0    200    24113    1
0.0    200    24113    2
0.030680988188674263    200    22877    0
0.0    200    22877    1
0.0    200    22877    2
0.029108931935173388    200    22196    0
0.0    200    22196    1
0.0    200    22196    2
0.028242741372750402    200    21415    0
0.0    200    21415    1
0.0    200    21415    2
0.027250743959672974    200    23357    0
0.0    200    23357    1
0.0    200    23357    2
0.02972038963845236    200    25379    0
0.0    200    25379    1
0.0    200    25379    2
0.032290803827571324    200    24637    0
0.0    200    24637    1
0.0    200    24637    2
0.03134785440562027    200    21366    0
0.0    200    21366    1
0.0    200    21366    2
0.02718516219925249    200    25203    0
0.0    200    25203    1
0.0    200    25203    2
0.032067390836509446    200    24889    0
0.0    200    24889    1
0.0    200    24889    2
0.031669784884226004    200    23892    0
0.0    200    23892    1
0.0    200    23892    2
0.030400895352350688    200    25403    0
0.0    200    25403    1
0.0    200    25403    2
0.032323965468709304    200    24183    0
0.0    200    24183    1
0.0    200    24183    2
0.030771728637990492    200    24126    0
0.0    200    24126    1
0.0    200    24126    2
0.030697236533129058    200    24020    0
0.0    200    24020    1
0.0    200    24020    2
0.03056421536322418    200    22522    0
0.0    200    22522    1
0.0    200    22522    2
0.028658022870835964    200    21373    0
0.0    200    21373    1
0.0    200    21373    2
0.027193978336072178    200    24223    0
0.0    200    24223    1
0.0    200    24223    2
0.03082166443406109    200    23912    0
0.0    200    23912    1
0.0    200    23912    2
0.030425965069216687    200    21737    0
0.0    200    21737    1
0.0    200    21737    2
0.027657788461173283    200    24613    0
0.0    200    24613    1
0.0    200    24613    2
0.03131737575565552    200    22652    0
0.0    200    22652    1
0.0    200    22652    2
0.028823901836386057    200    23808    0
0.0    200    23808    1
0.0    200    23808    2
0.030292796337025862    200    23381    0
0.0    200    23381    1
0.0    200    23381    2
0.029750200202464328    200    21894    0
0.0    200    21894    1
0.0    200    21894    2
0.027857184312537697    200    24008    0
0.0    200    24008    1
0.0    200    24008    2
0.030548943025014097    200    22224    0
0.0    200    22224    1
0.0    200    22224    2
0.02827762882444773    200    24717    0
0.0    200    24717    1
0.0    200    24717    2
0.03145109452375294    200    24885    0
0.0    200    24885    1
0.0    200    24885    2
0.03166420571987061    200    23731    0
0.0    200    23731    1
0.0    200    23731    2
0.03019580114776943    200    24984    0
0.0    200    24984    1
0.0    200    24984    2
0.031789020774812826    200    21284    0
0.0    200    21284    1
0.0    200    21284    2
0.027082897449250964    200    22262    0
0.0    200    22262    1
0.0    200    22262    2
0.028324776440410204    200    24635    0
0.0    200    24635    1
0.0    200    24635    2
0.03134532031565129    200    24484    0
0.0    200    24484    1
0.0    200    24484    2
0.031153170508662953    200    24652    0
0.0    200    24652    1
0.0    200    24652    2
0.03136661935564078    200    24532    0
0.0    200    24532    1
0.0    200    24532    2
0.031215393206554864    200    23007    0
0.0    200    23007    1
0.0    200    23007    2
0.029275267212980793    200    24491    0
0.0    200    24491    1
0.0    200    24491    2
