0.0    200    2560    1
0.0    200    8295    2
0.021333    200    2560    1
0.020374999999999994    200    889    2
0.0009580000000000075    200    2560    1
0.021332999999999998    200    2560    1
0.01941699999999999    200    1036    2
0.001916000000000015    200    3200    1
0.02133299999999999    200    3490    1
0.018459000000000017    200    1148    2
0.0028739999999999877    200    3450    1
0.02133299999999999    200    3580    1
0.01750099999999999    200    23233    2
0.003832000000000002    200    3400    1
0.02133300000000002    200    3580    1
0.016543000000000002    200    2877    2
0.004789999999999989    200    3590    1
0.021332999999999963    200    3530    1
0.015585000000000071    200    812    2
0.00574799999999992    200    3370    1
0.02133299999999999    200    3390    1
0.014627000000000112    200    3751    2
0.006705999999999879    200    3340    1
0.02133299999999999    200    3420    1
0.013669000000000209    200    26586    2
0.007663999999999782    200    3200    1
0.02133299999999999    200    3360    1
0.012711000000000194    200    951    2
0.008621999999999796    200    3220    1
0.02133299999999999    200    2450    1
0.011753000000000235    200    1868    2
0.009579999999999755    200    2640    1
0.021333000000000046    200    2620    1
0.010795000000000277    200    1204    2
0.010537999999999714    200    2330    1
0.02133299999999999    200    2710    1
0.009837000000000262    200    24038    2
0.011495999999999729    200    2560    1
0.021333000000000046    200    2600    1
0.008879000000000192    200    1400    2
0.012453999999999854    200    2550    1
0.021333000000000046    200    2420    1
0.007921000000000067    200    819    2
0.01341199999999998    200    2570    1
0.021333000000000046    200    2730    1
0.0069629999999999415    200    805    2
0.014370000000000105    200    2540    1
0.021333000000000046    200    2450    1
0.006004999999999705    200    27244    2
0.015328000000000341    200    2650    1
0.021333000000000046    200    2550    1
0.005046999999999691    200    1014    2
0.016286000000000356    200    2490    1
0.021333000000000046    200    2510    1
0.004088999999999565    200    707    2
0.01724400000000048    200    2740    1
0.021333000000000046    200    2480    1
0.00313099999999944    200    7776    2
0.018202000000000607    200    2470    1
0.021333000000000046    200    2650    1
0.0021729999999993144    200    19698    2
0.019160000000000732    200    2520    1
0.021333000000000046    200    2580    1
0.001214999999999189    200    1246    2
0.020118000000000857    200    2580    1
0.021333000000000046    200    2570    1
0.00025699999999906353    200    728    2
0.021076000000000983    200    2630    1
0.020631999999998984    200    770    2
0.0007010000000009509    200    2460    1
0.021333000000000046    200    2540    1
0.019673999999999303    200    20118    2
0.0016590000000007432    200    2550    1
0.02133300000000027    200    2600    1
0.018715999999998845    200    798    2
0.0026170000000009797    200    2530    1
0.021333000000000046    200    2690    1
0.017757999999999052    200    8687    2
0.003575000000000994    200    2480    1
0.021333000000000046    200    2380    1
0.016799999999998816    200    9562    2
0.0045330000000012305    200    2720    1
0.021333000000000046    200    2600    1
0.015841999999999024    200    986    2
0.005491000000001023    200    2620    1
0.021333000000000046    200    2450    1
0.014883999999999231    200    8056    2
0.006449000000000815    200    2520    1
0.021333000000000046    200    2550    1
0.013925999999998995    200    489    2
0.007407000000001052    200    2500    1
0.021333000000000046    200    2740    1
0.01296799999999898    200    475    2
0.008365000000001066    200    2530    1
0.021333000000000046    200    2500    1
0.012009999999998966    200    567    2
0.00932300000000108    200    2620    1
0.021333000000000046    200    2620    1
0.011051999999998952    200    475    2
0.010281000000001095    200    2490    1
0.021332999999999824    200    2530    1
0.010093999999999381    200    489    2
0.011239000000000887    200    2570    1
0.021333000000000046    200    2510    1
0.009135999999998923    200    475    2
0.012197000000001346    200    2550    1
0.021333000000000046    200    2660    1
0.008177999999998686    200    518    2
0.01315500000000136    200    2540    1
0.021332999999999824    200    2390    1
0.007219999999998894    200    496    2
0.014113000000001152    200    2710    1
0.021333000000000046    200    2620    1
0.00626199999999888    200    993    2
0.015071000000000945    200    2550    1
0.02133300000000027    200    2590    1
0.005303999999998643    200    1029    2
0.016029000000001403    200    2370    1
0.02133300000000027    200    2740    1
0.004345999999998629    200    35546    2
0.016987000000001196    200    2520    1
0.021333000000000046    200    2470    1
0.0033879999999988364    200    937    2
0.01794500000000121    200    2740    1
0.021333000000000046    200    2430    1
0.002429999999998822    200    1281    2
0.018903000000001002    200    2450    1
0.02133300000000027    200    2640    1
0.0014719999999988076    200    609    2
0.019861000000001017    200    2570    1
0.02133300000000049    200    2660    1
0.0005139999999983491    200    12208    2
0.020819000000001475    200    2380    1
0.020888999999998603    200    588    2
0.00044400000000144324    200    2700    1
0.021333000000000046    200    2590    1
0.01993099999999881    200    679    2
0.0014020000000012356    200    2490    1
0.021333000000000046    200    2500    1
0.018972999999998796    200    475    2
0.002360000000001694    200    2540    1
0.021332999999999824    200    2700    1
0.018014999999997894    200    10150    2
0.0033180000000023746    200    2590    1
0.021332999999999824    200    2390    1
0.0170569999999981    200    61081    2
0.004276000000001279    200    2600    1
0.021332999999999824    200    2490    1
0.016098999999998753    200    86695    2
0.005234000000001071    200    2780    1
0.021332999999999824    200    2530    1
0.01514099999999896    200    92904    2
0.0061920000000008635    200    2480    1
0.02133300000000027    200    2560    1
0.014182999999998724    200    112406    2
0.007150000000000656    200    2430    1
0.02133299999999938    200    2700    1
0.01322499999999982    200    135625    2
0.008108000000000448    200    2600    1
0.021332999999999824    200    2540    1
0.012266999999999584    200    147378    2
0.00906600000000024    200    2490    1
0.021332999999999824    200    2600    1
0.011308999999999791    200    135667    2
0.010024000000000477    200    2530    1
0.02133299999999938    200    2710    1
0.010350999999999999    200    215243    2
0.010981999999999381    200    2380    1
0.02133300000000027    200    2500    1
0.009392999999999763    200    151207    2
0.011940000000000062    200    2680    1
0.02133300000000027    200    2520    1
0.00843499999999997    200    189462    2
0.01289799999999941    200    2630    1
0.02133300000000027    200    2570    1
0.007477000000000178    200    88431    2
0.013855999999999202    200    2610    1
0.021332999999999824    200    2500    1
0.00651900000000083    200    338856    2
0.014813999999999439    200    2530    1
0.021332999999998936    200    2620    1
0.0055610000000019255    200    78827    2
0.015771999999998343    200    2490    1
0.021332999999999824    200    2700    1
0.004603000000001245    200    169918    2
0.01672999999999858    200    2510    1
0.021332999999999824    200    2540    1
0.0036450000000014526    200    88620    2
0.01768799999999837    200    2470    1
0.021332999999999824    200    2660    1
0.0026870000000016603    200    467256    2
0.018645999999998164    200    2420    1
0.02133299999999938    200    2550    1
0.001729000000001868    200    106036    2
0.0196039999999984    200    2660    1
0.021332999999999824    200    2560    1
0.0007710000000020756    200    91511    2
0.02056199999999775    200    2550    1
0.021146000000002108    200    425922    2
0.00018699999999771677    200    2610    1
0.021332999999999824    200    2570    1
0.020188000000002315    200    155995    2
0.001144999999997065    200    2350    1
0.02133300000000027    200    2740    1
0.019230000000002523    200    98140    2
0.0021029999999973015    200    2530    1
0.02133300000000027    200    2560    1
0.018272000000002286    200    451794    2
0.003060999999997094    200    2630    1
0.02133300000000027    200    2490    1
0.017314000000002494    200    83524    2
0.004018999999996886    200    2620    1
0.02133300000000027    200    2410    1
0.0163560000000027    200    438921    2
0.0049769999999966785    200    2560    1
0.021332999999999824    200    2640    1
0.015398000000003798    200    82257    2
0.005934999999996027    200    2580    1
0.021332999999999824    200    2400    1
0.014440000000004005    200    176022    2
0.006892999999995375    200    2720    1
0.021332999999999824    200    2550    1
0.013482000000004213    200    83923    2
0.007850999999996056    200    2610    1
0.02133299999999938    200    2590    1
0.012524000000003976    200    423654    2
0.008808999999996292    200    2420    1
0.02133300000000027    200    2690    1
0.01156600000000374    200    75943    2
0.009766999999996084    200    2580    1
0.021332999999999824    200    2360    1
0.010608000000003504    200    186151    2
0.010724999999995877    200    2560    1
0.021332999999999824    200    2740    1
0.0096500000000046    200    82145    2
0.011682999999995225    200    2550    1
0.02133299999999938    200    2450    1
0.008692000000005251    200    410039    2
0.012640999999994573    200    2640    1
0.02133300000000027    200    2610    1
0.007734000000005015    200    85925    2
0.013598999999995254    200    2350    1
0.02133299999999938    200    2770    1
0.006776000000005222    200    166775    2
0.014556999999995046    200    2460    1
0.02133299999999938    200    2570    1
0.00581800000000543    200    85155    2
0.015514999999994394    200    2560    1
0.021332999999999824    200    2440    1
0.004860000000005638    200    418831    2
0.016472999999994187    200    2730    1
0.021332999999999824    200    2550    1
0.003902000000005401    200    75243    2
0.017430999999994867    200    2620    1
0.021332999999999824    200    2510    1
0.0029440000000051647    200    170198    2
0.01838899999999466    200    2600    1
0.02133299999999938    200    2360    1
0.0019860000000062605    200    78309    2
0.019346999999993564    200    2660    1
0.02133299999999938    200    2650    1
0.0010280000000069123    200    442295    2
0.020304999999992912    200    2410    1
0.021332999999999824    200    2560    1
7.000000000756401e-05    200    84588    2
0.021262999999992704    200    2600    1
0.020445000000007152    200    208271    2
0.0008879999999926724    200    2550    1
0.02133300000000027    200    2630    1
0.01948700000000647    200    90832    2
0.0018459999999924648    200    2620    1
0.02133300000000027    200    2370    1
0.018529000000007123    200    441014    2
0.0028039999999927012    200    2730    1
0.02133300000000027    200    2550    1
0.017571000000006887    200    100443    2
0.0037619999999929377    200    2470    1
0.02133299999999938    200    2580    1
0.016613000000007982    200    196588    2
0.004719999999991398    200    2530    1
0.02133300000000027    200    2650    1
0.01565500000000819    200    84861    2
0.005677999999991634    200    2500    1
0.02133299999999938    200    2580    1
0.014697000000008842    200    455518    2
0.0066359999999914265    200    2600    1
0.02133300000000027    200    2550    1
0.013739000000008161    200    114366    2
0.007593999999992107    200    2380    1
0.02133300000000027    200    2730    1
0.01278100000000748    200    200571    2
0.008551999999993676    200    2550    1
0.02133299999999938    200    2630    1
0.011823000000007688    200    108108    2
0.00950999999999258    200    2530    1
0.02133300000000027    200    2560    1
0.01086500000000612    200    485918    2
0.010467999999994149    200    2360    1
0.02133300000000027    200    2810    1
0.009907000000004551    200    93555    2
0.01142599999999483    200    2580    1
0.021333000000001157    200    2440    1
0.00894900000000387    200    205051    2
0.012383999999997286    200    2570    1
0.02133300000000027    200    2600    1
0.007991000000002302    200    109018    2
0.013341999999997078    200    2570    1
0.021333000000001157    200    2530    1
0.007033000000001621    200    465303    2
0.014299999999997759    200    2590    1
0.02133300000000027    200    2530    1
0.006075000000002717    200    99463    2
0.015257999999997551    200    2580    1
0.021333000000001157    200    2540    1
0.005117000000001148    200    199325    2
0.016215999999998232    200    2550    1
0.02133300000000027    200    2560    1
0.004159000000001356    200    96131    2
0.017173999999998912    200    2630    1
0.021333000000001157    200    2360    1
0.0032009999999997873    200    448434    2
0.01813200000000048    200    2700    1
0.02133299999999938    200    2580    1
0.002242999999999995    200    92085    2
0.019090000000000273    200    2420    1
0.02133300000000027    200    2580    1
0.0012849999999993145    200    211673    2
0.020048000000000954    200    2720    1
0.02133300000000027    200    2410    1
0.0003269999999995221    200    91147    2
0.021006000000001634    200    2620    1
0.020701999999998222    200    488683    2
0.0006310000000011584    200    2550    1
0.02133300000000027    200    2530    1
0.01974399999999843    200    104629    2
0.001589000000001839    200    2540    1
0.02133300000000027    200    2640    1
0.01878599999999686    200    227150    2
0.0025470000000034076    200    2510    1
0.02133300000000027    200    2420    1
0.01782799999999618    200    110467    2
0.003505000000004088    200    2740    1
0.02133300000000027    200    2560    1
0.0168699999999955    200    475313    2
0.004463000000004769    200    2560    1
0.02133300000000027    200    2590    1
0.01591199999999482    200    90398    2
0.005421000000005449    200    2530    1
0.02133300000000027    200    2580    1
0.014953999999994139    200    204050    2
0.00637900000000613    200    2610    1
0.02133300000000027    200    2370    1
0.013995999999994346    200    101024    2
0.007337000000005922    200    2690    1
0.02133300000000027    200    2630    1
0.013037999999993666    200    434903    2
0.008295000000006603    200    2510    1
0.02133299999999938    200    2610    1
0.012079999999993873    200    99925    2
0.009253000000007283    200    2280    1
0.02133300000000027    200    2690    1
0.011121999999991417    200    211764    2
0.010211000000008852    200    2540    1
0.02133300000000027    200    2610    1
0.010163999999990736    200    105882    2
0.01116900000001042    200    2600    1
0.02133299999999938    200    2570    1
0.009205999999990055    200    465527    2
0.012127000000010213    200    2530    1
0.02133300000000027    200    2600    1
0.008247999999989375    200    100681    2
0.013085000000010893    200    2580    1
0.02133300000000027    200    2450    1
0.007289999999988694    200    210518    2
0.014043000000010686    200    2710    1
0.021333000000001157    200    2470    1
0.006331999999988014    200    100128    2
0.015001000000012255    200    2520    1
0.02133300000000027    200    2720    1
0.0053739999999882215    200    454286    2
0.015959000000012047    200    2400    1
0.02133300000000027    200    2490    1
0.004415999999986653    200    100058    2
0.016917000000013616    200    2650    1
0.02133299999999938    200    2590    1
0.0034579999999868605    200    217595    2
0.017875000000014296    200    2470    1
0.02133300000000027    200    2660    1
0.0024999999999852918    200    113841    2
0.018833000000014977    200    2560    1
0.02133299999999938    200    2620    1
0.0015419999999863876    200    467571    2
0.01979100000001477    200    2330    1
0.02133300000000027    200    2750    1
0.0005839999999848189    200    91357    2
0.02074900000001545    200    2420    1
0.020958999999984407    200    218834    2
0.00037400000001586164    200    2600    1
0.021333000000001157    200    2660    1
0.02000099999998195    200    87465    2
0.0013320000000192067    200    2460    1
0.02133299999999938    200    2700    1
0.01904299999998038    200    462671    2
0.0022900000000198872    200    2450    1
0.02133300000000027    200    2590    1
0.0180849999999797    200    86366    2
0.0032480000000196796    200    2570    1
0.02133300000000027    200    2540    1
0.01712699999997991    200    209447    2
0.00420600000002036    200    2620    1
0.02133299999999938    200    2520    1
0.016168999999980116    200    106715    2
0.0051640000000201525    200    2580    1
0.02133300000000027    200    2540    1
0.015210999999979435    200    450366    2
0.006122000000021721    200    2560    1
0.02133300000000027    200    2520    1
0.014252999999977867    200    100065    2
0.0070800000000215135    200    2610    1
0.02133300000000027    200    2530    1
0.013294999999978963    200    222929    2
0.008038000000023082    200    2480    1
0.02133300000000027    200    2720    1
0.01233699999997473    200    85491    2
0.008996000000025539    200    2540    1
0.02133300000000027    200    2520    1
0.011378999999974937    200    453866    2
0.00995400000002622    200    2500    1
0.02133299999999938    200    2720    1
0.010420999999974256    200    107233    2
0.010912000000026012    200    2490    1
0.02133299999999938    200    2560    1
0.009462999999974464    200    214011    2
0.011870000000025804    200    2430    1
0.02133300000000027    200    2680    1
0.008504999999973784    200    121288    2
0.012828000000026485    200    2580    1
0.02133299999999938    200    2500    1
0.007546999999973991    200    478127    2
0.013786000000026277    200    2630    1
0.02133300000000027    200    2400    1
0.006588999999975087    200    119496    2
0.014744000000025181    200    2690    1
0.021333000000001157    200    2530    1
0.00563099999997263    200    204617    2
0.01570200000002675    200    2500    1
0.02133300000000027    200    2600    1
0.004672999999972838    200    115541    2
0.016660000000029207    200    2500    1
0.02133300000000027    200    2660    1
0.003714999999970381    200    465681    2
0.017618000000029888    200    2490    1
0.02133299999999938    200    2550    1
0.0027569999999705885    200    103635    2
0.018576000000030568    200    2640    1
0.02133300000000027    200    2530    1
0.0017989999999690198    200    209475    2
0.01953400000003125    200    2520    1
0.02133300000000027    200    2600    1
0.0008409999999683393    200    105448    2
0.02049200000003104    200    2540    1
0.021215999999968815    200    479618    2
0.00011700000003145306    200    2630    1
0.02133300000000027    200    2520    1
0.020257999999969023    200    89278    2
0.0010750000000312454    200    2640    1
0.02133300000000027    200    2470    1
0.019299999999968342    200    201544    2
0.002033000000031926    200    2610    1
0.02133300000000027    200    2510    1
0.018341999999967662    200    98035    2
0.0029910000000334946    200    2570    1
0.021332999999998492    200    2650    1
0.01738399999996787    200    452179    2
0.003949000000032399    200    2540    1
0.02133300000000027    200    2490    1
0.01642599999996719    200    103943    2
0.004907000000034856    200    2600    1
0.02133300000000027    200    2560    1
0.015467999999964732    200    220304    2
0.005865000000034648    200    2530    1
0.02133300000000027    200    2560    1
0.014509999999964052    200    119727    2
0.006823000000037105    200    2630    1
0.02133300000000027    200    2520    1
0.013551999999962483    200    483496    2
0.007781000000036897    200    2570    1
0.021333000000001157    200    2550    1
0.01259399999996269    200    110383    2
0.00873900000003669    200    2540    1
0.02133300000000027    200    2640    1
0.011635999999962898    200    226128    2
0.009697000000036482    200    2260    1
0.021333000000002045    200    2660    1
0.01067799999996133    200    91763    2
0.01065500000003805    200    2630    1
0.02133300000000027    200    2660    1
0.009719999999961537    200    475075    2
0.011613000000037843    200    2470    1
0.021333000000001157    200    2630    1
0.008761999999960857    200    108934    2
0.012571000000039412    200    2490    1
0.02133300000000027    200    2630    1
0.007803999999959288    200    226856    2
0.01352900000004098    200    2540    1
0.021333000000001157    200    2490    1
0.006845999999956831    200    110159    2
0.01448700000004255    200    2610    1
0.02133300000000027    200    2490    1
0.005887999999957039    200    505749    2
0.01544500000004323    200    2560    1
0.021333000000001157    200    2490    1
0.00492999999995547    200    92617    2
0.01640300000004391    200    2620    1
0.02133300000000027    200    2670    1
0.003971999999955678    200    206647    2
0.01736100000004459    200    2500    1
0.02133300000000027    200    2670    1
0.0030139999999558853    200    95032    2
0.018319000000043495    200    2470    1
0.02133300000000027    200    2630    1
0.002055999999956093    200    458416    2
0.019277000000045064    200    2430    1
0.02133300000000027    200    2660    1
0.001097999999953636    200    87647    2
0.020235000000045744    200    2470    1
0.02133300000000027    200    2640    1
0.0001399999999538437    200    206297    2
0.021193000000047313    200    2630    1
0.020514999999952543    200    104895    2
0.000818000000047725    200    2440    1
0.02133299999999938    200    2600    1
0.01955699999995275    200    457009    2
0.0017760000000484055    200    2530    1
0.02133300000000027    200    2550    1
0.018598999999951182    200    96684    2
0.002734000000049086    200    2530    1
0.02133300000000027    200    2670    1
0.017640999999950502    200    209804    2
0.0036920000000506548    200    2540    1
0.02133299999999938    200    2490    1
0.01668299999994982    200    97769    2
0.004650000000050447    200    2550    1
0.02133300000000027    200    2630    1
0.01572499999995003    200    477434    2
0.005608000000049351    200    2520    1
0.02133300000000027    200    2590    1
0.014766999999950237    200    114576    2
0.006566000000050032    200    2620    1
0.021333000000001157    200    2400    1
0.013808999999948668    200    218939    2
0.007524000000052489    200    2710    1
0.02133300000000027    200    2570    1
0.0128509999999471    200    102529    2
0.008482000000052281    200    2570    1
0.02133300000000027    200    2440    1
0.011892999999947307    200    500779    2
0.009440000000052962    200    2580    1
0.02133299999999938    200    2480    1
0.010934999999947514    200    96173    2
0.010398000000052754    200    2630    1
0.021333000000001157    200    2590    1
0.009976999999946834    200    214053    2
0.011356000000053434    200    2570    1
0.02133300000000027    200    2360    1
0.009018999999944377    200    92596    2
0.012314000000055003    200    2620    1
0.021333000000001157    200    2760    1
0.008060999999944585    200    488767    2
0.013272000000055684    200    2580    1
0.02133300000000027    200    2530    1
0.007102999999943904    200    96516    2
0.014230000000056364    200    2450    1
0.02133300000000027    200    2670    1
0.006144999999943224    200    220479    2
0.015188000000055268    200    2450    1
0.02133300000000027    200    2560    1
0.0051869999999443195    200    98651    2
0.016146000000057725    200    2680    1
0.02133300000000027    200    2480    1
0.004228999999941863    200    480633    2
0.017104000000060182    200    2510    1
0.02133300000000027    200    2640    1
0.0032709999999394057    200    100163    2
0.018062000000059086    200    2640    1
0.02133300000000027    200    2400    1
0.0023129999999405015    200    215068    2
0.019020000000059767    200    2610    1
0.02133300000000027    200    2550    1
0.001354999999939821    200    98119    2
0.019978000000060447    200    2660    1
0.02133300000000027    200    2340    1
0.0003969999999391405    200    490804    2
0.020936000000061128    200    2670    1
0.020771999999940505    200    106470    2
0.00056100000006154    200    2480    1
0.02133300000000027    200    2610    1
0.019813999999938048    200    208859    2
0.0015190000000604442    200    2590    1
0.02133300000000027    200    2600    1
0.018855999999939144    200    110635    2
0.0024770000000611248    200    2610    1
0.02133300000000027    200    2420    1
0.017897999999938463    200    500058    2
0.0034350000000618053    200    2670    1
0.02133300000000027    200    2570    1
0.016939999999937783    200    115877    2
0.004393000000062486    200    2540    1
0.02133300000000027    200    2630    1
0.015981999999937102    200    213402    2
0.005351000000063166    200    2480    1
0.02133300000000027    200    2480    1
0.015023999999936422    200    94535    2
0.006309000000063847    200    2660    1
0.02133300000000027    200    2600    1
0.014065999999933965    200    478050    2
0.007267000000066304    200    2560    1
0.021333000000002045    200    2510    1
0.013107999999931508    200    92456    2
0.008225000000066984    200    2530    1
0.02133300000000027    200    2530    1
0.012149999999932604    200    213626    2
0.009183000000067665    200    2680    1
0.021333000000002045    200    2540    1
0.011191999999930147    200    98490    2
0.010141000000068345    200    2540    1
0.02133300000000027    200    2590    1
0.010233999999929466    200    480143    2
0.011099000000069026    200    2550    1
0.02133300000000027    200    2620    1
0.009275999999930562    200    102284    2
0.012057000000069706    200    2340    1
0.02133300000000027    200    2590    1
0.008317999999929881    200    206010    2
0.013015000000072163    200    2470    1
0.02133300000000027    200    2610    1
0.007359999999927425    200    92211    2
0.013973000000072844    200    2660    1
0.021333000000002045    200    2550    1
0.006401999999924968    200    459955    2
0.0149310000000753    200    2590    1
0.02133300000000027    200    2560    1
0.005443999999924287    200    95137    2
0.01588900000007598    200    2560    1
0.021332999999998492    200    2600    1
0.004485999999925383    200    216076    2
0.016847000000074885    200    2560    1
0.021333000000002045    200    2540    1
0.003527999999922926    200    100156    2
0.017805000000077342    200    2520    1
0.02133300000000027    200    2600    1
0.0025699999999222456    200    499855    2
0.018763000000076246    200    2530    1
0.02133300000000027    200    2460    1
0.0016119999999233414    200    102718    2
0.019721000000076927    200    2690    1
0.02133300000000027    200    2500    1
0.0006539999999244372    200    222978    2
0.02067900000007583    200    2500    1
0.021028999999924025    200    102361    2
0.0003040000000762433    200    2570    1
0.021332999999998492    200    2560    1
0.02007099999992512    200    480801    2
0.0012620000000787002    200    2660    1
0.02133300000000027    200    2520    1
0.019112999999920888    200    98721    2
0.0022200000000776043    200    2640    1
0.02133300000000027    200    2560    1
0.018154999999921984    200    217308    2
0.0031780000000800612    200    2500    1
0.02133300000000027    200    2480    1
0.017196999999919527    200    120000    2
0.004136000000080742    200    2720    1
0.02133300000000027    200    2520    1
0.016238999999918846    200    463581    2
0.005094000000081422    200    2570    1
0.02133300000000027    200    2490    1
0.015280999999918166    200    104601    2
0.006052000000082103    200    2540    1
0.021332999999998492    200    2670    1
0.014322999999919261    200    220892    2
0.007010000000081007    200    2390    1
0.02133300000000027    200    2660    1
0.013364999999918581    200    101913    2
0.007968000000081688    200    2560    1
0.02133300000000027    200    2500    1
0.0124069999999179    200    516606    2
0.008926000000082368    200    2640    1
0.021332999999998492    200    2470    1
0.011448999999918996    200    113659    2
0.009884000000081272    200    2670    1
0.02133300000000382    200    2460    1
0.01049099999991654    200    221102    2
0.010842000000083729    200    2470    1
0.02133300000000027    200    2660    1
0.009532999999915859    200    124354    2
0.01180000000008441    200    2590    1
0.02133300000000027    200    2650    1
0.008574999999915178    200    533050    2
0.012758000000083314    200    2560    1
0.02133300000000027    200    2410    1
0.007616999999916274    200    168175    2
0.013716000000083994    200    2580    1
0.02133300000000027    200    2580    1
0.0066589999999155935    200    139377    2
0.014674000000084675    200    2680    1
0.02133300000000027    200    2310    1
0.005700999999914913    200    366989    2
0.015632000000085355    200    2730    1
0.02133300000000027    200    2620    1
0.004742999999912456    200    964529    2
0.016590000000087812    200    2440    1
0.02133300000000027    200    2690    1
0.0037849999999117756    200    113722    2
0.01754800000009027    200    2530    1
0.02133300000000027    200    2620    1
0.0028269999999093187    200    234058    2
0.01850600000009095    200    2410    1
0.021332999999998492    200    2580    1
0.001868999999912191    200    103929    2
0.019464000000088078    200    2460    1
0.02133300000000027    200    2670    1
0.0009109999999115104    200    480059    2
0.020422000000088758    200    2690    1
0.021285999999911098    200    107660    2
4.700000008917016e-05    200    2380    1
0.02133300000000027    200    2610    1
0.020327999999910418    200    207116    2
0.0010050000000898507    200    2530    1
0.021332999999998492    200    2510    1
0.019369999999909737    200    107989    2
0.001963000000094084    200    2660    1
0.021332999999998492    200    2580    1
0.01841199999990728    200    439838    2
0.002921000000092988    200    2590    1
0.021333000000002045    200    2460    1
0.017453999999904823    200    96082    2
0.003879000000095445    200    2650    1
0.02133300000000027    200    2580    1
0.016495999999904143    200    218155    2
0.004837000000094349    200    2480    1
0.02133300000000027    200    2510    1
0.015537999999905239    200    109417    2
0.00579500000009503    200    2690    1
0.02133300000000027    200    2400    1
0.014579999999904558    200    451402    2
0.00675300000009571    200    2610    1
0.02133300000000027    200    2610    1
0.013621999999903878    200    113225    2
0.007711000000094614    200    2580    1
0.02133300000000382    200    2500    1
0.01266399999990142    200    232910    2
0.008669000000097071    200    2650    1
0.02133300000000027    200    2560    1
0.011705999999902517    200    109914    2
0.009627000000097752    200    2590    1
0.02133300000000027    200    2550    1
0.010747999999901836    200    449008    2
0.010585000000098432    200    2570    1
0.02133300000000027    200    2450    1
0.009789999999901156    200    95494    2
0.01154300000010089    200    2670    1
0.021332999999998492    200    2530    1
0.008831999999902251    200    236340    2
0.012501000000098017    200    2530    1
0.02133300000000027    200    2610    1
0.00787399999990157    200    129114    2
0.013459000000098698    200    2400    1
0.02133300000000027    200    2550    1
0.00691599999990089    200    450429    2
0.014417000000097602    200    2430    1
0.02133300000000027    200    2820    1
0.005957999999901986    200    124928    2
0.015375000000098282    200    2530    1
0.02133300000000027    200    2480    1
0.004999999999901306    200    273266    2
0.01633300000010074    200    2540    1
0.02133300000000027    200    2700    1
0.004041999999900625    200    162806    2
0.017291000000099643    200    2570    1
0.021333000000002045    200    2480    1
0.003083999999898168    200    420861    2
0.0182490000001021    200    2530    1
0.02133300000000027    200    2510    1
0.002125999999893935    200    139461    2
0.019207000000106333    200    2680    1
0.021332999999998492    200    2620    1
0.0011679999998950308    200    291809    2
0.020165000000105238    200    2570    1
0.02133300000000027    200    2550    1
0.00020999999989435025    200    103054    2
0.021123000000105918    200    2420    1
0.020584999999895714    200    436310    2
0.0007480000001045539    200    2540    1
0.02133300000000027    200    2620    1
0.019626999999895034    200    101962    2
0.001706000000103458    200    2680    1
0.02133300000000382    200    2400    1
0.018668999999892577    200    213444    2
0.0026640000001076913    200    2580    1
0.021332999999998492    200    2690    1
0.017710999999893673    200    103215    2
0.0036220000001065955    200    2400    1
0.021333000000002045    200    2650    1
0.016752999999891216    200    316386    2
0.004580000000109052    200    2530    1
0.02133300000000027    200    2540    1
0.015794999999890535    200    100597    2
0.005538000000109733    200    2580    1
0.02133300000000027    200    2550    1
0.014836999999889855    200    180131    2
0.0064960000001104135    200    2540    1
0.021332999999998492    200    2650    1
0.01387899999989095    200    95690    2
0.007454000000109318    200    2370    1
0.02133300000000027    200    2750    1
0.01292099999989027    200    198541    2
0.008412000000109998    200    2540    1
0.02133300000000027    200    2420    1
0.011962999999886037    200    87486    2
0.009370000000114231    200    2570    1
0.02133300000000027    200    2640    1
0.011004999999885356    200    158956    2
0.010328000000113136    200    2650    1
0.02133300000000027    200    2550    1
0.010046999999886452    200    130696    2
0.011286000000119145    200    2520    1
0.02133300000000027    200    2430    1
0.009088999999880443    200    170870    2
0.012244000000119826    200    2530    1
0.021332999999998492    200    2810    1
0.008130999999881539    200    117151    2
0.01320200000011873    200    2500    1
0.02133300000000027    200    2400    1
0.007172999999880858    200    120868    2
0.01416000000011941    200    2670    1
0.02133300000000027    200    2520    1
0.0062149999998801775    200    113505    2
0.015118000000120091    200    2460    1
0.021332999999998492    200    2650    1
0.005256999999881273    200    95039    2
0.016076000000118995    200    2640    1
0.02133300000000027    200    2510    1
0.004298999999880593    200    111566    2
0.017034000000119676    200    2640    1
0.02133300000000027    200    2420    1
0.0033409999998799123    200    43078    2
0.017992000000120356    200    2580    1
0.021333000000002045    200    2650    1
0.0023829999998774554    200    499750    2
0.018950000000122813    200    2460    1
0.02133300000000027    200    2670    1
0.0014249999998785512    200    1805    2
0.01990800000011994    200    2440    1
0.02133300000000027    200    2640    1
0.000466999999879647    200    1826    2
0.02086600000012062    200    2500    1
0.020841999999879235    200    588    2
0.0004910000001210335    200    2620    1
0.02133300000000027    200    2670    1
0.019883999999878554    200    229781    2
0.001449000000121714    200    2490    1
0.02133300000000027    200    2580    1
0.018925999999877874    200    510    2
0.002407000000124171    200    2510    1
0.02133300000000027    200    2610    1
0.017967999999875417    200    546    2
0.003365000000123075    200    2540    1
0.02133300000000027    200    2550    1
0.017009999999876513    200    510    2
0.004323000000123756    200    2570    1
0.02133300000000027    200    2490    1
0.016051999999874056    200    4529    2
0.005281000000127989    200    2620    1
0.02133300000000027    200    2550    1
0.015093999999871599    200    489    2
0.006239000000128669    200    2580    1
0.02133300000000027    200    2530    1
0.014135999999870918    200    546    2
0.00719700000012935    200    2580    1
0.021332999999998492    200    2590    1
0.013177999999872014    200    510    2
0.008155000000128254    200    2470    1
0.02133300000000027    200    2620    1
0.012219999999871334    200    1764    2
0.009113000000128935    200    2560    1
0.02133300000000027    200    2610    1
0.011261999999870653    200    503    2
0.010071000000131392    200    2400    1
0.02133300000000027    200    2600    1
0.010303999999868196    200    525    2
0.011029000000132072    200    2470    1
0.02133300000000027    200    2720    1
0.009345999999867516    200    489    2
0.011987000000130976    200    2640    1
0.02133300000000027    200    2470    1
0.008387999999868612    200    2527    2
0.012945000000131657    200    2590    1
0.02133300000000027    200    2540    1
0.007429999999867931    200    489    2
0.013903000000132337    200    2620    1
0.02133300000000027    200    2480    1
0.006471999999869027    200    503    2
0.014861000000129465    200    2560    1
0.02133300000000027    200    2570    1
0.005513999999870123    200    475    2
0.015819000000130146    200    2600    1
0.02133300000000027    200    2520    1
0.004555999999869442    200    700    2
0.016777000000130826    200    2490    1
0.021333000000002045    200    2700    1
0.0035979999998669854    200    475    2
0.017735000000133283    200    2470    1
0.02133300000000027    200    2590    1
0.002639999999866305    200    489    2
0.018693000000133964    200    2460    1
0.021333000000002045    200    2580    1
0.001681999999863848    200    475    2
0.01965100000013642    200    2560    1
0.02133300000000027    200    2640    1
0.0007239999998631674    200    630    2
0.020609000000135325    200    2480    1
0.02109899999986453    200    475    2
0.00023400000013573674    200    2590    1
0.02133300000000027    200    2600    1
0.02014099999986385    200    489    2
0.0011920000001364173    200    2530    1
0.02133300000000027    200    2600    1
0.01918299999986317    200    475    2
0.002150000000137098    200    2530    1
0.021332999999998492    200    2500    1
0.018224999999864266    200    546    2
0.003108000000136002    200    2640    1
0.021333000000002045    200    2490    1
0.01726699999986181    200    475    2
0.004066000000138459    200    2600    1
0.02133300000000027    200    2570    1
0.016308999999862905    200    489    2
0.005024000000137363    200    2580    1
0.021333000000002045    200    2480    1
0.015350999999860448    200    475    2
0.00598200000013982    200    2580    1
0.02133300000000027    200    2620    1
0.014392999999859768    200    518    2
0.0069400000001405004    200    2530    1
0.02133300000000027    200    2550    1
0.013434999999859087    200    475    2
0.007898000000139405    200    2560    1
0.02133300000000027    200    2470    1
0.012476999999860183    200    489    2
0.008856000000140085    200    2780    1
0.02133300000000027    200    2480    1
0.011518999999859503    200    475    2
0.009814000000140766    200    2610    1
0.02133300000000027    200    2410    1
0.010560999999857046    200    518    2
0.010772000000143223    200    2630    1
0.021332999999998492    200    2420    1
0.009602999999858142    200    475    2
0.011730000000142127    200    2620    1
0.02133300000000027    200    2600    1
0.008644999999857461    200    489    2
0.012688000000144584    200    2480    1
0.02133300000000027    200    2540    1
0.007686999999855004    200    475    2
0.013646000000145264    200    2710    1
0.02133300000000027    200    2510    1
0.006728999999854324    200    518    2
0.014604000000145945    200    2520    1
0.02133300000000027    200    2480    1
0.005770999999853643    200    475    2
0.015562000000144849    200    2650    1
0.02133300000000027    200    2720    1
0.004812999999854739    200    489    2
0.01652000000014553    200    2480    1
0.021333000000002045    200    2550    1
0.003854999999852282    200    475    2
0.017478000000147986    200    2630    1
0.02133300000000027    200    2350    1
0.0028969999998516016    200    518    2
0.018436000000148667    200    2680    1
0.02133300000000027    200    2570    1
0.001938999999850921    200    475    2
0.019394000000149347    200    2510    1
0.021332999999998492    200    2560    1
0.000980999999852017    200    489    2
0.02035200000015358    200    2550    1
0.02133300000000027    200    2660    1
2.299999984778367e-05    200    475    2
0.021310000000152485    200    2550    1
0.02039799999984737    200    518    2
0.0009350000001511205    200    2560    1
0.02133300000000027    200    2480    1
0.019439999999848467    200    475    2
0.001893000000151801    200    2640    1
0.02133300000000027    200    2610    1
0.018481999999847787    200    489    2
0.0028510000001524816    200    2440    1
0.02133300000000027    200    2510    1
0.017523999999847106    200    475    2
0.003809000000153162    200    2630    1
0.021332999999998492    200    2520    1
0.016565999999848202    200    518    2
0.004767000000152066    200    2560    1
0.02133300000000027    200    2530    1
0.015607999999847522    200    475    2
0.005725000000152747    200    2730    1
0.02133300000000027    200    2340    1
0.014649999999846841    200    489    2
0.006683000000153427    200    2560    1
0.021332999999998492    200    2690    1
0.013691999999847937    200    475    2
0.0076410000001523315    200    2540    1
0.02133300000000027    200    2640    1
0.012733999999847256    200    539    2
0.008599000000153012    200    2570    1
0.02133300000000027    200    2490    1
0.011775999999846576    200    475    2
0.009557000000153693    200    2620    1
0.02133300000000027    200    2490    1
0.010817999999845895    200    489    2
0.010515000000152597    200    2560    1
0.02133300000000027    200    2470    1
0.009859999999848768    200    475    2
0.011473000000153277    200    2570    1
0.02133300000000027    200    2490    1
0.00890199999984631    200    1225    2
0.012431000000153958    200    2690    1
0.021333000000002045    200    2440    1
0.007943999999843854    200    475    2
0.013389000000156415    200    2610    1
0.02133300000000027    200    2720    1
0.006985999999843173    200    489    2
0.014347000000157095    200    2370    1
0.02133300000000027    200    2780    1
0.006027999999842493    200    475    2
0.015305000000157776    200    2530    1
0.021332999999998492    200    2550    1
0.0050699999998382594    200    518    2
0.01626300000016201    200    2580    1
0.02133300000000027    200    2630    1
0.004111999999837579    200    475    2
0.01722100000016269    200    2300    1
0.02133300000000027    200    2700    1
0.0031539999998368984    200    489    2
0.018179000000166923    200    2490    1
0.02133300000000027    200    2550    1
0.002195999999832665    200    475    2
0.019137000000167603    200    2300    1
0.02133300000000027    200    2920    1
0.001237999999833761    200    518    2
0.020095000000166507    200    2610    1
0.02133300000000027    200    2570    1
0.00027999999983308044    200    496    2
0.02105300000016541    200    2400    1
0.020654999999834445    200    475    2
0.0006780000001658237    200    2540    1
0.02133300000000027    200    2630    1
0.01969699999983021    200    2058    2
0.001636000000170057    200    1910    1
0.02133300000000027    200    2730    1
0.018738999999831307    200    482    2
0.002594000000168961    200    2900    1
0.02133300000000027    200    2770    1
0.017780999999830627    200    1540    2
0.0035520000001678653    200    2500    1
0.02133300000000027    200    2610    1
0.016822999999831723    200    475    2
0.004510000000168546    200    2510    1
0.02133300000000027    200    2620    1
0.015864999999831042    200    503    2
0.005468000000169226    200    2120    1
0.02133300000000027    200    2450    1
0.014906999999830362    200    518    2
0.006426000000171683    200    2570    1
0.02133300000000027    200    2900    1
0.013948999999827905    200    1456    2
0.007384000000172364    200    2780    1
0.021332999999998492    200    2190    1
0.012990999999829    200    489    2
0.008342000000171268    200    2830    1
0.02133300000000027    200    2170    1
0.01203299999982832    200    1239    2
0.009300000000171948    200    2900    1
0.02133300000000027    200    2520    1
0.01107499999982764    200    489    2
0.010258000000172629    200    2570    1
0.021332999999998492    200    2780    1
0.010116999999828735    200    707    2
0.011216000000176862    200    2340    1
0.02133300000000027    200    2170    1
0.009158999999822726    200    489    2
0.012174000000177543    200    2870    1
0.02133300000000027    200    2140    1
0.008200999999822045    200    602    2
0.013132000000176447    200    3010    1
0.02133300000000027    200    2800    1
0.007242999999824917    200    525    2
0.014090000000177128    200    2510    1
0.02133300000000027    200    2050    1
0.00628499999982246    200    861    2
0.015048000000177808    200    2590    1
0.02133300000000027    200    2570    1
0.00532699999982178    200    923    2
0.01600600000017849    200    2530    1
0.02133300000000027    200    2410    1
0.004368999999821099    200    658    2
0.01696400000017917    200    3110    1
0.021332999999998492    200    2550    1
0.003410999999822195    200    672    2
0.017922000000178073    200    2410    1
0.02133300000000027    200    2230    1
0.0024529999998215146    200    553    2
0.01888000000018053    200    2360    1
0.02133300000000027    200    2710    1
0.0014949999998190577    200    784    2
0.01983800000018121    200    2650    1
0.02133300000000027    200    3020    1
0.0005369999998183772    200    553    2
0.02079600000018189    200    2560    1
0.020911999999817965    200    1085    2
0.0004210000001823033    200    2440    1
0.021332999999998492    200    2410    1
0.01995399999981906    200    672    2
0.0013790000001812075    200    2600    1
0.02133300000000027    200    2400    1
0.01899599999981838    200    2562    2
0.002337000000181888    200    2470    1
0.02133300000000027    200    1960    1
0.0180379999998177    200    1470    2
0.0032950000001825686    200    2950    1
0.021332999999998492    200    2820    1
0.017079999999818796    200    1365    2
0.004253000000181473    200    2390    1
0.02133300000000027    200    2350    1
0.01612199999981989    200    496    2
0.005211000000180377    200    2570    1
0.021332999999998492    200    2290    1
0.015163999999820987    200    644    2
0.006169000000177505    200    2640    1
0.021332999999998492    200    2780    1
0.01420599999982386    200    496    2
0.0071270000001746325    200    2820    1
0.021333000000002045    200    2490    1
0.013247999999823179    200    510    2
0.00808500000017176    200    2430    1
0.021332999999998492    200    2390    1
0.012289999999829604    200    496    2
0.009043000000168888    200    2710    1
0.021332999999998492    200    2590    1
0.011331999999832476    200    518    2
0.010001000000166016    200    2350    1
0.021332999999998492    200    2610    1
0.010373999999835348    200    496    2
0.010959000000163144    200    2350    1
0.02133299999999494    200    2460    1
0.009415999999841773    200    510    2
0.011917000000160272    200    2610    1
0.021332999999998492    200    2270    1
0.008457999999841093    200    475    2
0.012875000000153847    200    2470    1
0.021333000000002045    200    2350    1
0.007499999999843965    200    525    2
0.013833000000154527    200    2470    1
0.021332999999998492    200    2990    1
0.006541999999846837    200    475    2
0.014791000000151655    200    3230    1
0.021332999999998492    200    2750    1
0.005583999999849709    200    489    2
0.015749000000152336    200    2660    1
0.02133299999999494    200    2550    1
0.004625999999852581    200    475    2
0.01670700000014591    200    2590    1
0.021332999999998492    200    2590    1
0.0036679999998554536    200    518    2
0.01766500000014304    200    2990    1
0.021332999999998492    200    2360    1
0.0027099999998583257    200    475    2
0.018623000000140166    200    2490    1
0.021332999999998492    200    2530    1
0.001751999999861198    200    489    2
0.019581000000137294    200    2430    1
0.021332999999998492    200    2520    1
0.0007939999998640701    200    475    2
0.020539000000134422    200    2500    1
0.021168999999865434    200    518    2
0.0001640000001330577    200    2260    1
0.021332999999998492    200    2680    1
0.020210999999868307    200    475    2
0.0011220000001337382    200    2200    1
0.02133299999999494    200    2400    1
0.01925299999987118    200    489    2
0.0020800000001273133    200    2590    1
0.021333000000002045    200    2510    1
0.018294999999870498    200    475    2
0.0030380000001208884    200    2320    1
0.021333000000002045    200    2170    1
0.017336999999876923    200    518    2
0.003996000000121569    200    2720    1
0.021332999999998492    200    2220    1
0.016378999999879795    200    475    2
0.004954000000115144    200    2680    1
0.021333000000002045    200    2520    1
0.015420999999882667    200    489    2
0.005912000000115825    200    2500    1
0.02133299999999494    200    2560    1
0.014462999999889092    200    475    2
0.006870000000112952    200    2540    1
0.021332999999998492    200    2260    1
0.013504999999888412    200    518    2
0.00782800000011008    200    2340    1
0.021332999999998492    200    2280    1
0.012546999999887731    200    475    2
0.00878600000011076    200    2520    1
0.02133299999999494    200    2240    1
0.011588999999897709    200    489    2
0.009744000000104336    200    2350    1
0.021332999999998492    200    2390    1
0.010630999999897028    200    475    2
0.010702000000101464    200    2200    1
0.021332999999998492    200    2300    1
0.0096729999998999    200    518    2
0.011660000000098591    200    2330    1
0.021332999999998492    200    2450    1
0.008714999999902773    200    475    2
0.01261800000009572    200    2460    1
0.021332999999998492    200    2310    1
0.007756999999905645    200    489    2
0.013576000000092847    200    2360    1
0.021332999999998492    200    2370    1
0.006798999999908517    200    475    2
0.014534000000086422    200    2210    1
0.021333000000002045    200    2380    1
0.005840999999911389    200    510    2
0.015492000000087103    200    2430    1
0.021332999999998492    200    2370    1
0.0048829999999142615    200    475    2
0.01645000000008423    200    2390    1
0.021332999999998492    200    2420    1
0.003924999999917134    200    489    2
0.01740800000008136    200    2350    1
0.021332999999998492    200    2440    1
0.002966999999920006    200    475    2
0.018366000000078486    200    2480    1
0.021332999999998492    200    2480    1
0.002008999999922878    200    510    2
0.019324000000075614    200    2570    1
0.021332999999998492    200    2410    1
0.0010509999999257502    200    510    2
0.020282000000072742    200    2460    1
0.02133299999999494    200    2330    1
9.299999993217511e-05    200    38542    2
0.02124000000006987    200    2530    1
0.020467999999929987    200    52794    2
0.0008650000000685054    200    2560    1
0.021332999999998492    200    2350    1
0.01950999999993286    200    78085    2
0.0018230000000656332    200    2470    1
0.021333000000002045    200    2620    1
0.01855199999993218    200    84266    2
0.002781000000062761    200    2520    1
0.021332999999998492    200    2530    1
0.017593999999938603    200    88151    2
0.0037390000000634416    200    2460    1
0.02133299999999494    200    2520    1
0.016635999999941475    200    98112    2
0.004697000000057017    200    2580    1
0.021332999999998492    200    2530    1
0.015677999999944348    200    113288    2
0.0056550000000541445    200    2480    1
0.021332999999998492    200    2520    1
0.01471999999994722    200    130738    2
0.006613000000051272    200    2420    1
0.021332999999998492    200    2440    1
0.013761999999950092    200    129429    2
0.007571000000044847    200    2650    1
0.021333000000002045    200    2710    1
0.012803999999952964    200    135394    2
0.008529000000045528    200    2510    1
0.021333000000002045    200    2510    1
0.011845999999952284    200    147238    2
0.009487000000039103    200    2510    1
0.021333000000002045    200    2620    1
0.010887999999958708    200    136213    2
0.010445000000039784    200    2590    1
0.021332999999998492    200    2500    1
0.009929999999965133    200    148176    2
0.011403000000033359    200    2510    1
0.021332999999998492    200    2500    1
0.008971999999968006    200    130010    2
0.012361000000030486    200    2630    1
0.021332999999998492    200    2490    1
0.008013999999970878    200    238573    2
0.013319000000031167    200    2330    1
0.02133299999999494    200    2480    1
0.00705599999997375    200    162631    2
0.014277000000024742    200    2480    1
0.021332999999998492    200    2430    1
0.006097999999976622    200    149485    2
0.01523500000002187    200    2450    1
0.02133299999999494    200    2560    1
0.005139999999983047    200    203553    2
0.016193000000018998    200    2650    1
0.021332999999998492    200    2370    1
0.0041819999999823665    200    113295    2
0.01715100000001968    200    2550    1
0.02133299999999494    200    2400    1
0.0032239999999852387    200    161000    2
0.018109000000013253    200    2450    1
0.021332999999998492    200    2460    1
0.002265999999988111    200    147077    2
0.01906700000001038    200    2410    1
0.021333000000002045    200    2450    1
0.0013079999999874303    200    173572    2
0.02002500000001106    200    2430    1
0.021333000000002045    200    2490    1
0.0003499999999867498    200    203042    2
0.020983000000001084    200    2390    1
0.020724999999998772    200    120294    2
0.0006080000000032726    200    2530    1
0.021332999999998492    200    2660    1
0.01976699999999454    200    181272    2
0.0015660000000039531    200    2480    1
0.021332999999998492    200    2630    1
0.01880899999999741    200    141799    2
0.0025240000000046336    200    2550    1
0.02133299999999494    200    2600    1
0.017851000000000283    200    191765    2
0.0034819999999982088    200    2520    1
0.021333000000002045    200    2510    1
0.016892999999999603    200    223083    2
0.0044399999999953366    200    2680    1
0.021332999999998492    200    2480    1
0.015935000000006028    200    123773    2
0.005397999999996017    200    2530    1
0.021332999999991387    200    2490    1
0.014977000000012453    200    203000    2
0.0063559999999860395    200    2470    1
0.021333000000002045    200    2490    1
0.014019000000011772    200    158158    2
0.007313999999979615    200    2560    1
0.021333000000005597    200    2470    1
0.013061000000014644    200    135478    2
0.008271999999983848    200    2510    1
0.021332999999998492    200    2580    1
0.012103000000017516    200    235010    2
0.009229999999980976    200    2550    1
0.021332999999998492    200    2480    1
0.011145000000020389    200    133469    2
0.010187999999981656    200    2520    1
0.02133299999999494    200    2570    1
0.01018700000002326    200    219639    2
0.011145999999975231    200    2550    1
0.021333000000002045    200    2570    1
0.00922900000002258    200    163086    2
0.012103999999975912    200    2500    1
0.021333000000002045    200    2520    1
0.0082710000000219    200    141974    2
0.013061999999969487    200    2790    1
0.021332999999998492    200    2550    1
0.007313000000031877    200    234961    2
0.014019999999966615    200    2470    1
0.021332999999998492    200    2560    1
0.0063550000000347495    200    143080    2
0.014977999999963743    200    2510    1
0.021332999999998492    200    2580    1
0.005397000000037622    200    225708    2
0.015935999999964423    200    2530    1
0.021332999999998492    200    2520    1
0.004439000000036941    200    172655    2
0.01689399999996155    200    2500    1
0.021332999999991387    200    2500    1
0.003481000000046919    200    150731    2
0.017851999999955126    200    2600    1
0.02133299999999494    200    2620    1
0.002523000000049791    200    253637    2
0.018809999999952254    200    2560    1
0.02133299999999494    200    2520    1
0.0015650000000526632    200    144669    2
0.01976799999994583    200    2450    1
0.021333000000002045    200    2630    1
0.0006070000000519826    200    242913    2
0.02072599999994651    200    2630    1
0.020982000000053347    200    152096    2
0.0003509999999451452    200    2440    1
0.021332999999998492    200    2610    1
0.020024000000059772    200    242717    2
0.0013089999999387203    200    2520    1
0.021332999999998492    200    2520    1
0.019066000000062644    200    154539    2
0.002266999999939401    200    2490    1
0.021332999999991387    200    2520    1
0.01810800000006907    200    250704    2
0.003224999999932976    200    2620    1
0.021332999999998492    200    2600    1
0.01715000000006839    200    143283    2
0.0041829999999336565    200    2600    1
0.02133299999999494    200    2520    1
0.01619200000007126    200    246966    2
0.005140999999930784    200    2620    1
0.02133299999999494    200    2510    1
0.015234000000074133    200    170142    2
0.006098999999924359    200    2520    1
0.021333000000002045    200    2480    1
0.014276000000073452    200    143206    2
0.007056999999921487    200    2540    1
0.02133299999999494    200    2480    1
0.01331800000008343    200    254211    2
0.008014999999918615    200    2550    1
0.021332999999998492    200    2570    1
0.01236000000008275    200    279839    2
0.00897299999991219    200    2520    1
0.021333000000002045    200    2580    1
0.011402000000085621    200    241394    2
0.00993099999991287    200    2520    1
0.02133299999999494    200    2580    1
0.010444000000092046    200    193998    2
0.010888999999906446    200    2520    1
