0.0040479937442796645    500    16296    1
0.00806998021198524    200    12350    2
0.005933030963660713    150    2520    0
0.015399969036025148    200    12450    2
0.005933030964115453    150    2380    0
0.006371988823957508    500    54033    1
0.00902798021252238    200    12500    2
0.005933030963660713    150    2440    0
0.015399969035115646    200    13300    2
0.005933030965479702    150    2450    0
0.005413988822965621    500    22309    1
0.009985980211240544    200    12400    2
0.005933030965479688    150    2540    0
0.015399969034206124    200    13450    2
0.0059330309663892244    150    2410    0
0.0044559888224284805    500    17318    1
0.010943980209958681    200    13300    2
0.005933030967753439    150    2390    0
0.01539996903284191    200    11950    2
0.005933030967298691    150    2460    0
0.0034979888209818177    500    46949    1
0.011901980211405344    200    13050    2
0.005933030967298691    150    2560    0
0.015399969031477667    200    19600    2
0.0059330309686629334    150    2450    0
0.002539988821808975    500    720111    1
0.012859980209213945    200    12000    2
0.005933030969117681    150    3040    0
0.015399969031477667    200    11000    2
0.0059330309686629334    150    2740    0
0.001581988821271807    500    31990    1
0.013817980209751113    200    11350    2
0.0059330309686629334    150    2320    0
0.015399969030113425    200    11550    2
0.0059330309700271755    150    2350    0
0.000623988821189414    500    58898    1
0.014775980209378758    200    12300    2
0.0059330309700271755    150    2450    0
0.015399969029658678    200    12850    2
0.0055990197897699545    500    300573    1
0.00033401118071196834    150    2500    0
0.01539996902920393    200    12000    2
0.005933030970481923    150    2440    0
0.015399969030113425    200    12000    2
0.004641019789232814    500    31381    1
0.0012920111812491086    150    2450    0
0.01539996902920393    200    12100    2
0.00593303097093667    150    2380    0
0.015399969027839688    200    11950    2
0.003683019791424158    500    50043    1
0.0022500111808767542    150    2480    0
0.015399969027384997    200    12500    2
0.0059330309732103514    150    2550    0
0.015399969027384941    200    12700    2
0.0027250197908869622    500    47103    1
0.00320801118141395    150    2660    0
0.015399969026475446    200    12150    2
0.005933030973665154    150    2800    0
0.015399969026020699    200    12000    2
0.0017670197921688668    500    32620    1
0.004166011181951035    150    2770    0
0.015399969025565952    200    12200    2
0.005933030975029396    150    2810    0
0.015399969023746962    200    12950    2
0.0008090197943603217    500    264754    1
0.005124011182033317    150    2690    0
0.01539996902420171    200    13350    2
0.005933030975484144    150    2670    0
0.015250988818024669    500    50218    1
0.00014898020617704066    200    12850    2
0.005933030975938891    150    2380    0
0.015399969023746962    200    16850    2
0.005933030976393638    150    2650    0
0.014292988816578145    500    225176    1
0.0011069802058045752    200    11950    2
0.005933030977303133    150    2560    0
0.015399969023292215    200    12850    2
0.005933030976848386    150    2340    0
0.013334988816495752    500    47061    1
0.0020649802063417155    200    12450    2
0.0059330309777578805    150    2490    0
0.015399969021927973    200    12200    2
0.005933030978212628    150    2340    0
0.012376988815503864    500    305781    1
0.003022980206878856    200    12650    2
0.005933030978212628    150    2340    0
0.015399969021473225    200    12050    2
0.005933030978212628    150    2450    0
0.011418988815876219    500    34594    1
0.003980980204687512    200    17900    2
0.00593303097957687    150    2380    0
0.015399969020108983    200    12350    2
0.005933030980031617    150    2350    0
0.010460988814429584    500    192402    1
0.004938980206134147    200    12100    2
0.00593303097957687    150    2340    0
0.015399969019199489    200    12400    2
0.005933030980486365    150    3030    0
0.00950298881434719    500    40607    1
0.005896980204852298    200    12300    2
0.005933030980941112    150    2860    0
0.015399969018744852    200    12550    2
0.005933030981395748    150    2400    0
0.008544988813810162    500    387807    1
0.006854980203570338    200    13050    2
0.005933030983214849    150    2500    0
0.01539996901738061    200    12750    2
0.005933030983214738    150    2430    0
0.0075869888123634155    500    33733    1
0.007812980204107589    200    12950    2
0.005933030983214849    150    2440    0
0.01539996901556151    200    12650    2
0.005933030984579091    150    2490    0
0.006628988811371528    500    51380    1
0.008770980203735235    200    12650    2
0.005933030985488585    150    2500    0
0.015399969015106763    200    12200    2
0.005933030985033838    150    2490    0
0.005670988811289135    500    39004    1
0.00972898020336288    200    12450    2
0.005933030985033838    150    2480    0
0.01539996901374252    200    12950    2
0.00593303098639808    150    2470    0
0.004712988811206742    500    267498    1
0.010686980202990304    200    13000    2
0.005933030985943555    150    2530    0
0.01539996901374252    200    12800    2
0.00593303098639808    150    2450    0
0.0037549888106696017    500    307412    1
0.011644980202618171    200    12950    2
0.00593303098639808    150    2430    0
0.015399969014197268    200    13250    2
0.005933030985943333    150    2520    0
0.002796988809677714    500    45276    1
0.012602980204064806    200    12800    2
0.0059330309868528275    150    2500    0
0.015399969011923531    200    12350    2
0.0059330309882170695    150    2640    0
0.0018389888086860484    500    42679    1
0.013560980202782735    200    12850    2
0.005933030989126564    150    2560    0
0.015399969011468784    200    13150    2
0.0059330309882170695    150    2600    0
0.0008809888090581808    500    248304    1
0.014518980201500886    200    14950    2
0.005933030989581534    150    2590    0
0.015399969010104542    200    14750    2
0.005856019798557099    500    387926    1
7.701119147895952e-05    150    2540    0
0.015399969009649794    200    13950    2
0.005933030990036059    150    2600    0
0.0153999690087403    200    12900    2
0.0048980197998389485    500    41384    1
0.0010350111920160998    150    2440    0
0.015399969008740522    200    14250    2
0.005933030991400079    150    2470    0
0.015399969008285552    200    18200    2
0.003940019800211303    500    60242    1
0.0019930111920984928    150    2410    0
0.015399969007376058    200    11250    2
0.005933030992764543    150    2510    0
0.015399969006011816    200    11450    2
0.002982019801493152    500    42364    1
0.002951011192635633    150    2760    0
0.015399969006466563    200    12050    2
0.00593303099321929    150    2520    0
0.015399969006466563    200    14050    2
0.0020240198009560117    500    419601    1
0.003909011192718026    150    2540    0
0.015399969006011371    200    12400    2
0.005933030994129229    150    2520    0
0.015399969006466563    200    12300    2
0.0010660197995093768    500    53774    1
0.004867011193709914    150    2590    0
0.015399969006466785    200    12300    2
0.005933030993673816    150    2370    0
0.01539996900510232    200    11900    2
0.0001080198007914479    500    209461    1
0.005825011194246832    150    2470    0
0.015399969004647573    200    12150    2
0.0059330309959477745    150    2620    0
0.014549988805811154    500    49525    1
0.0008499801988364197    200    12150    2
0.00593303099503828    150    2650    0
0.015399969003738079    200    12550    2
0.005933030996402522    150    2560    0
0.013591988805728983    500    516943    1
0.0018079801975543486    200    12050    2
0.0059330309973120166    150    2540    0
0.015399969002374059    200    12600    2
0.005933030997766542    150    2790    0
0.012633988803827378    500    22484    1
0.0027659801971824383    200    12200    2
0.005933030999130784    150    2570    0
0.015399969001464342    200    12150    2
0.005933030999131006    150    2660    0
0.01167598880283549    500    43435    1
0.0037239801977195786    200    11850    2
0.005933030999130784    150    2530    0
0.015399968999645353    200    12400    2
0.005933031000495248    150    2560    0
0.010717988802753098    500    22918    1
0.004681980196437507    200    13000    2
0.005933031000949995    150    2480    0
0.015399968999645353    200    12650    2
0.005933031000949995    150    2440    0
0.009759988802670483    500    144662    1
0.00563998019515588    200    12400    2
0.00593303100185949    150    2500    0
0.015399968997826363    200    12450    2
0.005933031002768985    150    2630    0
0.008801988801224292    500    23576    1
0.006597980196602293    200    12600    2
0.005933031002314015    150    2450    0
0.015399968997371616    200    12600    2
0.005933031002768985    150    2720    0
0.00784398880068693    500    43274    1
0.007555980196230161    200    12850    2
0.00593303100322351    150    2630    0
0.01539996899737206    200    12650    2
0.005933031002313793    150    2560    0
0.006885988800604537    500    20531    1
0.008513980196766857    200    13150    2
0.005933031002769207    150    2580    0
0.015399968996007152    200    13350    2
0.005933031004133449    150    2620    0
0.005927988800067396    500    95949    1
0.009471980195485452    200    11600    2
0.0059330310050424995    150    2550    0
0.015399968995552404    200    12350    2
0.005933031004133449    150    2540    0
0.004969988798620539    500    25207    1
0.010429980196022814    200    12300    2
0.005933031005497247    150    2510    0
0.015399968994188384    200    12800    2
0.005933031005952216    150    2570    0
0.004011988798993116    500    47579    1
0.011387980194740521    200    14350    2
0.005933031005952216    150    2600    0
0.015399968992824142    200    14950    2
0.005933031007316458    150    2670    0
0.003053988798910723    500    24416    1
0.012345980194368167    200    12950    2
0.005933031006861711    150    2520    0
0.015399968992824142    200    11550    2
0.005933031007771206    150    2580    0
0.002095988797918835    500    82607    1
0.013303980193995812    200    12050    2
0.005933031007771206    150    2600    0
0.015399968991005153    200    12100    2
0.005933031010044942    150    2850    0
0.0011379887960174528    500    23072    1
0.014261980194532953    200    12350    2
0.005933031009135448    150    2600    0
0.015399968990549961    200    12550    2
0.005933031009590639    150    2730    0
0.0001799887959350599    500    39333    1
0.015219980194160598    200    12550    2
0.00593303101049969    150    2540    0
0.015399968990095658    200    12350    2
0.005155019805897609    500    26782    1
0.000778011204147333    150    2590    0
0.015399968989640911    200    12450    2
0.005933031010044942    150    2640    0
0.015399968988731416    200    14950    2
0.0041970198071794584    500    84679    1
0.0017360112046844733    150    2440    0
0.015399968987821921    200    12800    2
0.005933031012318679    150    2600    0
0.015399968988276669    200    12200    2
0.0032390198057323794    500    25109    1
0.0026940112061315524    150    2600    0
0.015399968986912427    200    12600    2
0.0059330310127734265    150    2550    0
0.015399968986912427    200    12450    2
0.0022810198070146726    500    46291    1
0.0036520112062135013    150    2560    0
0.01539996898645768    200    12250    2
0.005933031013682921    150    2510    0
0.015399968985092993    200    12600    2
0.0013230198092060164    500    20916    1
0.004610011205386844    150    2600    0
0.015399968986002932    200    11950    2
0.005933031015047163    150    2580    0
0.01539996898463869    200    11650    2
0.00036501980866887607    500    88193    1
0.005568011206378287    150    2550    0
0.015399968984638246    200    12350    2
0.005933031015502355    150    2590    0
0.014806988793225617    500    21329    1
0.0005929801918678201    200    12650    2
0.005933031015047163    150    2900    0
0.01539996898463869    200    12700    2
0.005933031015047163    150    3790    0
0.013848988793143224    500    38017    1
0.001550980190585971    200    12250    2
0.005933031016866153    150    2420    0
0.015399968981910206    200    12400    2
0.005933031018230395    150    2430    0
0.012890988793060387    500    22169    1
0.002508980189304122    200    13900    2
0.005933031018230839    150    2510    0
0.015399968981455903    200    14400    2
0.005933031018684698    150    2430    0
0.011932988791159005    500    68089    1
0.003466980189841262    200    14600    2
0.005933031018685586    150    2530    0
0.015399968981910206    200    19050    2
0.005933031018230395    150    2910    0
0.010974988791076612    500    21161    1
0.004424980190378847    200    11350    2
0.005933031018685142    150    2670    0
0.015399968980091217    200    12150    2
0.005933031020049384    150    2330    0
0.010016988790539916    500    38689    1
0.0053829801890969975    200    12100    2
0.00593303102004894    150    2310    0
0.01539996898054552    200    11700    2
0.005933031020049828    150    2380    0
0.009058988790002775    500    20293    1
0.006340980188724199    200    11900    2
0.005933031021413626    150    2350    0
0.015399968978272671    200    12300    2
0.005933031021867929    150    2500    0
0.008100988788555696    500    60354    1
0.0072989801892622275    200    12150    2
0.005933031021867929    150    2760    0
0.015399968976907985    200    12300    2
0.0059330310232326156    150    2960    0
0.007142988789383242    500    22043    1
0.008256980187979934    200    11750    2
0.0059330310232321715    150    2820    0
0.015399968976452794    200    11850    2
0.005933031023687807    150    2720    0
0.006184988788391355    500    37618    1
0.009214980186697197    200    12250    2
0.005933031024597302    150    2640    0
0.01539996897508944    200    11600    2
0.005933031025505908    150    2390    0
0.00522698878785377    500    20118    1
0.010172980187235225    200    12050    2
0.005933031025051605    150    2380    0
0.015399968974634248    200    12500    2
0.005933031025506352    150    2400    0
0.004268988786407135    500    54908    1
0.01113098018777281    200    11800    2
0.005933031025960656    150    2310    0
0.015399968974633804    200    12350    2
0.005933031025961544    150    2470    0
0.0033109887854152475    500    21028    1
0.012088980188309506    200    11900    2
0.0059330310259611    150    2700    0
0.015399968972815259    200    12150    2
0.005933031027780089    150    2510    0
0.002352988785787158    500    34874    1
0.013046980186118606    200    12350    2
0.005933031028234836    150    2760    0
0.015399968972360512    200    12450    2
0.005933031026870594    150    2530    0
0.0013949887861599564    500    20545    1
0.014004980185745808    200    12600    2
0.005933031028234836    150    2420    0
0.015399968971451461    200    12700    2
0.00593303102868914    150    2250    0
0.000436988785622372    500    42651    1
0.014962980185373898    200    12950    2
0.005933031030053826    150    2220    0
0.015399968968722533    200    12450    2
0.005412019816503744    500    20097    1
0.0005210112149143242    150    2470    0
0.01539996896917728    200    12550    2
0.005933031030508573    150    2500    0
0.015399968969177724    200    12750    2
0.0044540198159670474    500    43680    1
0.001479011214995829    150    2470    0
0.015399968969632027    200    12600    2
0.005933031030508573    150    2390    0
0.01539996896826823    200    21400    2
0.0034960198163389578    500    1098944    1
0.0024370112155334134    150    2450    0
0.015399968967813038    200    11600    2
0.005933031031872815    150    2330    0
0.015399968967813038    200    12050    2
0.0025380198158018175    500    35448    1
0.003395011216525745    150    2450    0
0.01539996896644924    200    12650    2
0.0059330310336913605    150    2240    0
0.015399968966903543    200    12200    2
0.0015800198161741719    500    115073    1
0.004353011217517633    150    2360    0
0.015399968965994049    200    12400    2
0.005933031033691805    150    2370    0
0.015399968965994493    200    12350    2
0.0006220198174555769    500    38780    1
0.005311011217145278    150    2420    0
0.015399968965994049    200    12150    2
0.005933031034146552    150    2420    0
0.015063988782458182    500    31871    1
0.00033598018308067523    200    12800    2
0.005933031034601743    150    2480    0
0.015399968964175503    200    12750    2
0.005933031036419845    150    2470    0
0.0141059887805568    500    210420    1
0.0012939801827083208    200    12600    2
0.005933031036420733    150    2460    0
0.01539996896417506    200    12800    2
0.005933031035965541    150    2480    0
0.013147988780474407    500    301602    1
0.0022519801823364105    200    12100    2
0.005933031037784531    150    2560    0
0.015399968961900878    200    12350    2
0.005933031038239722    150    2510    0
0.012189988779483407    500    32879    1
0.003209980181963168    200    12150    2
0.0059330310386940255    150    2500    0
0.015399968960082333    200    12450    2
0.00593303103960352    150    2500    0
0.011231988778491075    500    72037    1
0.004167980182500752    200    19100    2
0.005933031039148773    150    2580    0
0.01539996896053708    200    15250    2
0.00593303103960352    150    2600    0
0.010273988778862542    500    35812    1
0.005125980181219791    200    11700    2
0.00593303103960352    150    2530    0
0.015399968959172838    200    12050    2
0.00593303104142251    150    2600    0
0.00931598877832629    500    77770    1
0.006083980180846105    200    12050    2
0.005933031040968206    150    2550    0
0.015399968958718535    200    12500    2
0.0059330310414220655    150    2540    0
0.008357988777788705    500    20097    1
0.0070419801804750826    200    12400    2
0.0059330310414220655    150    2480    0
0.015399968959172838    200    12600    2
0.005933031040967762    150    2520    0
0.007399988777706312    500    364560    1
0.007999980181012223    200    12900    2
0.005933031041876813    150    2620    0
0.015399968956898658    200    12350    2
0.005933031043241943    150    2590    0
0.006441988775805374    500    21700    1
0.00895798018063898    200    12450    2
0.005933031044150994    150    2620    0
0.015399968956443466    200    12700    2
0.0059330310436971345    150    2560    0
0.005483988775722093    500    33495    1
0.00991598017935802    200    13550    2
0.005933031044605741    150    2530    0
0.015399968955080112    200    12900    2
0.005933031045060488    150    2480    0
0.0045259887756397    500    17703    1
0.010873980178986553    200    12250    2
0.005933031045514348    150    2520    0
0.015399968953261123    200    12500    2
0.0059330310464247304    150    2560    0
0.003567988775557307    500    160839    1
0.011831980178612866    200    12350    2
0.005933031045970427    150    2540    0
0.01539996895371587    200    12500    2
0.005933031046879478    150    2520    0
0.002609988775475358    500    17514    1
0.012789980176421079    200    12800    2
0.005933031048698911    150    2570    0
0.015399968951897325    200    12450    2
0.005933031048243276    150    2480    0
0.0016519887744834705    500    28378    1
0.013747980176958663    200    12700    2
0.00593303104824372    150    2570    0
0.015399968951443022    200    13350    2
0.005933031048697579    150    2630    0
0.0006939887744001894    500    18144    1
0.01470598017567859    200    13600    2
0.005933031050061821    150    2500    0
0.015399968950532639    200    13450    2
0.0056690198225624044    500    81284    1
0.00026401122704555746    150    2570    0
0.015399968950077891    200    12650    2
0.005933031049607962    150    2640    0
0.015399968950077891    200    12300    2
0.004711019822935647    500    17465    1
0.0012220112275818096    150    2530    0
0.015399968950077891    200    12250    2
0.005933031050062709    150    2500    0
0.015399968949623144    200    12800    2
0.0037530198233071133    500    30464    1
0.0021800112272103433    150    2540    0
0.015399968948258014    200    13150    2
0.0059330310514278395    150    2580    0
0.015399968948258902    200    15050    2
0.0027950198245889624    500    37926    1
0.0031380112277474836    150    2650    0
0.01539996894825979    200    14700    2
0.0059330310518808105    150    2660    0
0.01539996894689466    200    14050    2
0.0018370198240527102    500    299320    1
0.004096011229647978    150    2680    0
0.015399968945985165    200    12400    2
0.005933031054155435    150    2620    0
0.015399968945530418    200    13200    2
0.0008790198244241765    500    39424    1
0.005054011229731259    150    2550    0
0.015399968944621811    200    12350    2
0.005933031055518789    150    2590    0
0.015320988769872201    500    88284    1
7.898017520258094e-05    200    12650    2
0.005933031055065818    150    2590    0
0.015399968944620035    200    12300    2
0.005933031055975313    150    2650    0
0.014362988769790697    500    36211    1
0.0010369801739207318    200    12050    2
0.005933031056429172    150    2550    0
0.015399968942347186    200    14850    2
0.005933031057338667    150    2580    0
0.01340498876879792    500    35350    1
0.0019949801744587603    200    13000    2
0.0059330310568839195    150    2530    0
0.015399968942801934    200    13950    2
0.005933031057338667    150    2580    0
0.012446988768261669    500    258433    1
0.0029529801740855177    200    12250    2
0.005933031057338667    150    2590    0
0.015399968943256681    200    12000    2
0.0059330310568839195    150    2600    0
0.011488988768178388    500    36085    1
0.003910980174624434    200    12250    2
0.005933031057337779    150    2730    0
0.015399968941437692    200    12500    2
0.005933031058248162    150    2700    0
0.010530988768095106    500    29498    1
0.004868980173342585    200    12250    2
0.005933031059157656    150    2600    0
0.015399968941437692    200    12150    2
0.005933031058702909    150    2620    0
0.009572988766194612    500    249116    1
0.005826980173878837    200    12650    2
0.005933031060521898    150    2680    0
0.015399968939163955    200    12550    2
0.005933031060976646    150    2700    0
0.00861498876611222    500    37807    1
0.0067849801725961    200    12250    2
0.005933031061432281    150    2530    0
0.015399968937345854    200    12650    2
0.005933031063249494    150    2550    0
0.007656988765120332    500    26397    1
0.007742980172224634    200    12100    2
0.005933031062340888    150    2440    0
0.015399968937345854    200    12200    2
0.005933031062794747    150    2620    0
0.006698988765038827    500    193032    1
0.008700980172759998    200    12800    2
0.005933031062796523    150    2500    0
0.015399968935981612    200    12600    2
0.005933031064158989    150    2660    0
0.005740988763136556    500    39242    1
0.009658980172390308    200    12850    2
0.005933031064158989    150    2550    0
0.015399968935525088    200    13750    2
0.005933031064615513    150    2390    0
0.004782988763054163    500    29526    1
0.01061698017110757    200    12300    2
0.005933031066433614    150    2550    0
0.015399968934161734    200    12300    2
0.0059330310659788665    150    2510    0
0.0038249887629717705    500    186627    1
0.011574980170735216    200    11950    2
0.0059330310659788665    150    2580    0
0.015399968933707875    200    12150    2
0.005933031066432726    150    2510    0
0.0028669887628893775    500    34447    1
0.012532980171272357    200    13200    2
0.0059330310659788665    150    2520    0
0.015399968933706987    200    13550    2
0.005933031066433614    150    2480    0
0.0019089887623522372    500    23772    1
0.013490980169990507    200    12350    2
0.005933031067343109    150    2520    0
0.015399968932342745    200    12500    2
0.005933031068252603    150    2610    0
0.0009509887627245917    500    238259    1
0.014448980169619041    200    12200    2
0.005933031067796968    150    2630    0
0.015399968930978503    200    12050    2
0.005926019831348661    500    44716    1
7.011237813436821e-06    150    2500    0
0.015399968930523755    200    12600    2
0.005933031070071593    150    2510    0
0.015399968929615149    200    12850    2
0.004968019831721016    500    26544    1
0.0009650112383496889    150    2930    0
0.015399968928704766    200    14400    2
0.005933031071435835    150    2860    0
0.015399968929159513    200    12950    2
0.004010019831185652    500    199101    1
0.0019230112397954358    150    2670    0
0.015399968928703878    200    12600    2
0.005933031070981976    150    2670    0
0.015399968928704766    200    13500    2
0.003052019831557118    500    41272    1
0.002881011239878717    150    2590    0
0.015399968927339636    200    12400    2
0.005933031072800965    150    2480    0
0.01539996892779616    200    12700    2
0.002094019832838967    500    47831    1
0.0038390112399602216    150    2480    0
0.015399968926886665    200    12200    2
0.005933031073708683    150    2480    0
0.015399968925066787    200    12700    2
0.0011360198341217043    500    19040    1
0.004797011240952109    150    2500    0
0.015399968924612928    200    12950    2
0.005933031075072925    150    2580    0
0.015399968925521534    200    13200    2
0.0001780198326741811    500    237482    1
0.005755011241944885    150    2560    0
0.015399968925066787    200    13650    2
0.0059330310750738136    150    2830    0
0.014619988757658575    500    26936    1
0.0007799801669543527    200    12650    2
0.005933031075072925    150    2450    0
0.015399968925521534    200    12500    2
0.0059330310750738136    150    2650    0
0.013661988757121435    500    35434    1
0.00173798016658111    200    12800    2
0.005933031076438056    150    2550    0
0.015399968923247798    200    12950    2
0.005933031076892803    150    2550    0
0.01270398875749379    500    22365    1
0.002695980165299261    200    13050    2
0.005933031076892803    150    2660    0
0.015399968921883556    200    13000    2
0.005933031078257045    150    2590    0
0.01174598875650279    500    83895    1
0.003653980165835513    200    13950    2
0.005933031078257045    150    2610    0
0.015399968921429696    200    12600    2
0.005933031078710904    150    2630    0
0.010787988755510014    500    38276    1
0.004611980166373542    200    13050    2
0.005933031078711792    150    2580    0
0.015399968920064566    200    12800    2
0.005933031080076034    150    2680    0
0.009829988754518126    500    49742    1
0.0055699801650916925    200    12950    2
0.005933031080076034    150    2510    0
0.01539996891960893    200    14500    2
0.00593303108053167    150    2530    0
0.008871988754436622    500    23912    1
0.006527980163808955    200    17750    2
0.005933031081895024    150    2650    0
0.015399968918701212    200    12050    2
0.005933031081894136    150    2940    0
0.007913988752534351    500    186732    1
0.007485980165256478    200    11750    2
0.005933031081895024    150    2570    0
0.015399968917791718    200    11900    2
0.00593303108280363    150    2970    0
0.0069559887529067055    500    201306    1
0.008443980164884124    200    12450    2
0.005933031082349771    150    2550    0
0.015399968917336082    200    12950    2
0.0059330310828045185    150    2390    0
0.005997988752369565    500    29701    1
0.009401980163602275    200    12850    2
0.005933031084168761    150    2520    0
0.01539996891551798    200    12350    2
0.005933031084167872    150    2470    0
0.00503998875228806    500    61866    1
0.010359980164138527    200    12900    2
0.005933031083714013    150    2550    0
0.015399968915062345    200    12700    2
0.005933031085078255    150    2650    0
0.004081988750840537    500    291137    1
0.01131798016376706    200    11950    2
0.005933031085078255    150    2580    0
0.015399968914607598    200    12650    2
0.005933031085533003    150    2620    0
0.0031239887507581443    500    27363    1
0.012275980162485212    200    12150    2
0.005933031087351992    150    2610    0
0.015399968913243356    200    12700    2
0.005933031086897245    150    2550    0
0.002165988750674863    500    61383    1
0.013233980162113745    200    12550    2
0.005933031086897245    150    2580    0
0.015399968912788609    200    13300    2
0.005933031087806739    150    2610    0
0.0012079887501377229    500    28840    1
0.014191980162649998    200    12400    2
0.00593303108735288    150    2530    0
0.015399968912333861    200    12700    2
0.005933031087806739    150    2600    0
0.00024998874960147077    500    218988    1
0.015149980162276755    200    14550    2
0.005933031088717122    150    2510    0
0.015399968909151518    200    12700    2
0.005225019840509049    500    25872    1
0.000708011250480034    150    2570    0
0.015399968908694994    200    12150    2
0.005933031090990859    150    2580    0
0.015399968909604489    200    12350    2
0.0042670198399727965    500    157241    1
0.0016660112505633151    150    2580    0
0.015399968909149742    200    12550    2
0.005933031091445606    150    2640    0
0.015399968908241135    200    12650    2
0.003309019839434768    500    37184    1
0.0026240112524646975    150    2560    0
0.015399968908695882    200    13850    2
0.005933031090989971    150    2570    0
0.015399968907786388    200    12100    2
0.0023510198398071225    500    287889    1
0.0035820112525470904    150    2650    0
0.015399968907332529    200    12850    2
0.005933031093262819    150    3760    0
0.015399968906421257    200    12450    2
0.0013930198401794769    500    36862    1
0.004540011253539866    150    2340    0
0.015399968905967398    200    12450    2
0.005933031093718455    150    2470    0
0.015399968905967398    200    12500    2
0.000435019841461326    500    336154    1
0.005498011252711876    150    2360    0
0.01539996890551354    200    14650    2
0.0059330310946270615    150    2480    0
0.014876988745982977    500    24339    1
0.0005229801599844208    200    14300    2
0.00593303109462795    150    2360    0
0.015399968904148409    200    12200    2
0.005933031095992192    150    2570    0
0.013918988744989313    500    38479    1
0.00148098015870346    200    12100    2
0.00593303109599308    150    2810    0
0.015399968903693662    200    11900    2
0.005933031096446939    150    3580    0
0.012960988744907809    500    21609    1
0.0024389801574207226    200    12100    2
0.005933031097812069    150    2520    0
0.015399968902784167    200    12450    2
0.005933031096901686    150    2470    0
0.012002988744825416    500    274925    1
0.0033969801579605274    200    12550    2
0.005933031097354657    150    2350    0
0.01539996890232942    200    12700    2
0.005933031097811181    150    2380    0
0.011044988743379669    500    33761    1
0.00435498015940361    200    13500    2
0.005933031097812069    150    2410    0
0.015399968901874672    200    12900    2
0.005933031098720676    150    3410    0
0.01008698874284164    500    108619    1
0.005312980157213154    200    12800    2
0.005933031099631059    150    2480    0
0.015399968900055683    200    12800    2
0.005933031100084918    150    2520    0
0.009128988742759248    500    31801    1
0.0062709801577511826    200    12300    2
0.005933031100084918    150    2440    0
0.01539996889869144    200    12650    2
0.00593303110144916    150    2380    0
0.00817098874176736    500    292894    1
0.007228980156467557    200    13750    2
0.005933031101905684    150    2470    0
0.015399968897781058    200    13350    2
0.0059330311019047954    150    2800    0
0.007212988740774584    500    28399    1
0.008186980156098755    200    12550    2
0.005933031103267261    150    2350    0
0.015399968897327199    200    12900    2
0.005933031102813402    150    2390    0
0.006254988740238332    500    112686    1
0.009144980156635008    200    12700    2
0.005933031102812514    150    2430    0
0.015399968896872451    200    13450    2
0.005933031103268149    150    2440    0
0.005296988741065434    500    24619    1
0.010102980154442776    200    20050    2
0.005933031105087139    150    2380    0
0.015399968895507321    200    11900    2
0.0059330311046332795    150    3660    0
0.004338988740072658    500    50302    1
0.011060980154980804    200    12050    2
0.005933031105541886    150    2300    0
0.015399968893236249    200    11900    2
0.005933031106449604    150    2360    0
0.003380988738626911    500    19243    1
0.01201898015460845    200    12400    2
0.00593303110690524    150    2500    0
0.015399968893688332    200    12850    2
0.005933031106452269    150    2400    0
0.0024229887380897708    500    193585    1
0.012976980155144702    200    12100    2
0.005933031106906128    150    2600    0
0.015399968892779725    200    12250    2
0.005933031107815623    150    2900    0
0.0014649887380073778    500    21791    1
0.013934980154772347    200    12450    2
0.005933031106906128    150    2850    0
0.015399968891869342    200    14250    2
0.005933031108726006    150    2360    0
0.0005069887374720139    500    33243    1
0.014892980153488722    200    14400    2
0.005933031109179865    150    2360    0
0.015399968891415483    200    12900    2
0.005482019845659103    500    16142    1
0.0004510112630660146    150    2400    0
0.015399968890051241    200    12200    2
0.005933031109634612    150    2340    0
0.01539996889005213    200    11500    2
0.0045240198469382875    500    85302    1
0.0014090112631501839    150    2440    0
0.015399968889597382    200    12250    2
0.005933031110543219    150    2450    0
0.01539996889005213    200    12000    2
0.003566019847310642    500    17619    1
0.002367011262323082    150    2530    0
0.015399968889141746    200    11950    2
0.005933031110998854    150    2420    0
0.015399968888686999    200    12250    2
0.0026080198485942674    500    38997    1
0.0033250112628593342    150    2530    0
0.015399968888232252    200    12400    2
0.005933031112363096    150    2420    0
0.015399968886413262    200    13500    2
0.00165001984896751    500    17199    1
0.004283011264759828    150    2480    0
0.01539996888686801    200    13200    2
0.005933031112817844    150    2550    0
0.01539996888686801    200    12000    2
0.0006920198484303697    500    89509    1
0.005241011265296969    150    2560    0
0.015399968885958515    200    12550    2
0.005933031114182086    150    2560    0
0.015133988734304715    500    19439    1
0.000265980152108547    200    12000    2
0.005933031113727338    150    3600    0
0.015399968885959403    200    12250    2
0.005933031114635945    150    2380    0
0.01417598873422321    500    39319    1
0.001223980149916315    200    12100    2
0.005933031115546328    150    2320    0
0.015399968884140414    200    13200    2
0.005933031116000187    150    2400    0
0.013217988733230435    500    15757    1
0.002181980151363838    200    12600    2
0.005933031115546328    150    2940    0
0.01539996888323003    200    12650    2
0.005933031117365317    150    2490    0
0.012259988732239435    500    81060    1
0.0031399801500802127    200    12700    2
0.005933031117366205    150    2470    0
0.015399968882319648    200    12850    2
0.0059330311182757    150    2510    0
0.011301988731702295    500    16030    1
0.004097980150618241    200    12850    2
0.0059330311178200645    150    2390    0
0.015399968880957182    200    12650    2
0.005933031119183418    150    2520    0
0.010343988732075537    500    42259    1
0.005055980148426009    200    12950    2
0.005933031119639054    150    2560    0
0.0153999688800468    200    12400    2
0.005933031119639054    150    2760    0
0.009385988730173267    500    17465    1
0.006013980148964038    200    13250    2
0.005933031121003296    150    2670    0
0.015399968879592052    200    12950    2
0.005933031120548549    150    2290    0
0.008427988730544733    500    70973    1
0.006971980148592571    200    12400    2
0.005933031121458043    150    2400    0
0.015399968877317427    200    18300    2
0.005933031122368426    150    2470    0
0.007469988730007593    500    15169    1
0.007929980147310722    200    10850    2
0.005933031122822285    150    2450    0
0.015399968877773063    200    11000    2
0.005933031122367538    150    2580    0
0.006511988728561846    500    35560    1
0.00888798014875647    200    11300    2
0.005933031122367538    150    2310    0
0.015399968877318315    200    11650    2
0.005933031122822285    150    2350    0
0.005553988728479453    500    16016    1
0.009845980149294498    200    12250    2
0.00593303112236665    150    2400    0
0.01539996887640882    200    12650    2
0.0059330311241865274    150    2480    0
0.004595988728397948    500    59038    1
0.010803980147102266    200    12600    2
0.005933031124640387    150    2720    0
0.015399968875954073    200    13400    2
0.005933031124641275    150    2900    0
0.0036379887274060607    500    18984    1
0.011761980146729911    200    12600    2
0.005933031125549881    150    2860    0
0.015399968874134196    200    12950    2
0.005933031126006405    150    2510    0
0.0026799887273218914    500    37555    1
0.012719980146357557    200    12550    2
0.0059330311269159    150    2310    0
0.015399968873682113    200    12700    2
0.005933031126458488    150    2420    0
0.0017219887263317801    500    17871    1
0.013677980145985202    200    12550    2
0.005933031127368871    150    2420    0
0.015399968872315206    200    12450    2
0.0059330311278253944    150    2520    0
0.0007639887271571055    500    45129    1
0.014635980143793859    200    12600    2
0.0059330311291896365    150    2510    0
0.015399968870497105    200    13250    2
0.005739019856263461    500    19012    1
0.00019401127292528741    150    2470    0
0.0153999688714066    200    12550    2
0.005933031128734001    150    2380    0
0.015399968870951852    200    12550    2
0.004781019854817714    500    46914    1
0.0011520112743710342    150    2470    0
0.015399968870497105    200    13750    2
0.005933031130098243    150    2400    0
0.015399968870496217    200    12800    2
0.003823019854281462    500    1331470    1
0.002110011275362922    150    2400    0
0.015399968870040581    200    12400    2
0.005933031130554767    150    2360    0
0.015399968868223368    200    13000    2
0.002865019855562423    500    25578    1
0.003068011275900062    150    2350    0
0.015399968868224256    200    14800    2
0.005933031131916344    150    2340    0
0.015399968868679004    200    15050    2
0.0019070198559347773    500    159852    1
0.00402601127552682    150    2450    0
0.015399968867313873    200    14750    2
0.00593303113237198    150    2420    0
0.015399968867312985    200    14250    2
0.0009490198563080199    500    32550    1
0.004984011276974343    150    2430    0
0.015399968866404379    200    14500    2
0.005933031133736222    150    2400    0
0.015390988722629118    500    402437    1
8.980144230008591e-06    200    17800    2
0.005933031133736222    150    2410    0
0.015399968865041913    200    11100    2
0.0059330311350986875    150    2440    0
0.014432988721635454    500    57470    1
0.0009669801429499358    200    10900    2
0.005933031135100464    150    2490    0
0.01539996886458539    200    11150    2
0.005933031135555211    150    2540    0
0.013474988721556613    500    35518    1
0.001924980141664534    200    11650    2
0.005933031136919453    150    2540    0
0.015399968863675895    200    11500    2
0.005933031136464706    150    2490    0
0.012516988720108202    500    79310    1
0.0028829801431129454    200    11950    2
0.005933031136464706    150    2590    0
0.015399968862311653    200    11800    2
0.005933031138283695    150    2500    0
0.011558988720480556    500    21315    1
0.0038409801409216016    200    11800    2
0.005933031138738443    150    2530    0
0.015399968861856905    200    11900    2
0.005933031138283695    150    2660    0
0.010600988719945192    500    385735    1
0.004798980141455189    200    11950    2
0.005933031138285472    150    2580    0
0.015399968861402158    200    11800    2
0.005933031138738443    150    2660    0
0.009642988719861023    500    18249    1
0.005756980141995882    200    12000    2
0.005933031138738443    150    2670    0
0.015399968860037916    200    12200    2
0.005933031140102685    150    2850    0
0.00868498871795964    500    39088    1
0.006714980141625304    200    12200    2
0.005933031140100908    150    2770    0
0.015399968860492663    200    12850    2
0.005933031140102685    150    2600    0
0.0077269887174225005    500    21728    1
0.007672980141251173    200    13300    2
0.005933031141466927    150    2460    0
0.015399968858218926    200    13250    2
0.005933031141921674    150    2480    0
0.006768988717794855    500    150920    1
0.008630980139969324    200    12100    2
0.0059330311423764215    150    2440    0
0.015399968858218926    200    12750    2
0.0059330311423764215    150    2460    0
0.005810988716802967    500    20125    1
0.009588980139598746    200    13000    2
0.00593303114328414    150    2940    0
0.015399968856399937    200    12800    2
0.005933031144195411    150    2540    0
0.004852988715356332    500    36540    1
0.01054698014013411    200    12650    2
0.005933031144650158    150    2570    0
0.0153999688541262    200    12750    2
0.0059330311460144    150    2620    0
0.0038949887148209683    500    15582    1
0.01150498013975998    200    12750    2
0.005933031145104906    150    2790    0
0.015399968854580948    200    12850    2
0.005933031145559653    150    2730    0
0.0029369887156462937    500    98525    1
0.012462980137570412    200    12750    2
0.005933031146923895    150    2590    0
0.015399968852761958    200    12950    2
0.005933031146923895    150    2720    0
0.0019789887155639008    500    17332    1
0.013420980138107552    200    19200    2
0.005933031146923895    150    2540    0
0.015399968852761958    200    11900    2
0.005933031147378642    150    2590    0
0.0010209887145720131    500    36701    1
0.014378980137733421    200    12900    2
0.005933031147835166    150    2540    0
0.015399968852760182    200    12750    2
0.005933031147380419    150    2600    0
6.298871403487283e-05    500    16079    1
0.015336980137362843    200    12300    2
0.005933031148288137    150    2660    0
0.015399968851397716    200    13150    2
0.005038019863604859    500    86898    1
0.0008950112851380254    150    2530    0
0.015399968850942969    200    13100    2
0.005933031149197632    150    2570    0
0.015399968851397716    200    12850    2
0.004080019862158224    500    17031    1
0.0018530112870394078    150    2480    0
0.015399968849578727    200    12600    2
0.0059330311501071265    150    2610    0
0.015399968849578727    200    12450    2
0.003122019863440073    500    36183    1
0.002811011287576548    150    2520    0
0.015399968847759737    200    12900    2
0.005933031152380863    150    3840    0
0.01539996884730499    200    12300    2
0.002164019864721922    500    16912    1
0.0037690112881136884    150    2350    0
0.015399968847759737    200    12500    2
0.0059330311528356106    150    2340    0
0.015399968846850243    200    12200    2
0.0012060198641865583    500    85456    1
0.004727011288649052    150    2440    0
0.015399968845940748    200    12250    2
0.005933031154199853    150    2520    0
0.015399968845487777    200    12550    2
0.00024801986637434936    500    17360    1
0.005685011288733222    150    2450    0
0.015399968845486    200    13100    2
0.0059330311546546    150    2530    0
0.014689988709960744    500    42651    1
0.0007099801350687329    200    13200    2
0.005933031155111124    150    2520    0
0.015399968844576506    200    13200    2
0.005933031155109347    150    2520    0
0.013731988709876575    500    21868    1
0.0016679801356076496    200    13700    2
0.005933031154656376    150    2550    0
0.015399968844121759    200    13150    2
0.005933031156018842    150    2570    0
0.01277398870934121    500    108759    1
0.002625980134327577    200    12750    2
0.005933031156017066    150    2560    0
0.015399968844576506    200    13200    2
0.005933031156018842    150    2560    0
0.011815988709713565    500    15428    1
0.0035839801330439514    200    13050    2
0.005933031157383084    150    2560    0
0.015399968842300993    200    12700    2
0.005933031157839608    150    2700    0
0.010857988707357435    500    42308    1
0.004541980134490586    200    12300    2
0.005933031157837831    150    2560    0
0.01539996884275574    200    12650    2
0.00593303115738486    150    2510    0
0.009899988708184537    500    29127    1
0.005499980133208737    200    14650    2
0.0059330311592020735    150    2700    0
0.01539996884048378    200    14300    2
0.005933031159656821    150    2600    0
0.00894198870719265    500    280091    1
0.006457980132838159    200    11500    2
0.005933031160564539    150    2630    0
0.015399968840029032    200    12450    2
0.005933031160111568    150    2600    0
0.007983988706200762    500    24185    1
0.007415980133373523    200    12200    2
0.005933031160111568    150    2530    0
0.015399968839572509    200    11850    2
0.005933031160568092    150    2470    0
0.007025988705210651    500    164864    1
0.008373980132999392    200    13050    2
0.005933031161930558    150    2690    0
0.01539996883866479    200    12750    2
0.005933031161021063    150    2530    0
0.006067988706035976    500    24542    1
0.009331980132628814    200    12000    2
0.00593303116147581    150    2540    0
0.015399968837298772    200    12000    2
0.005933031163296576    150    2550    0
0.005109988705044088    500    295631    1
0.010289980131345189    200    12100    2
0.005933031164206071    150    2450    0
0.01539996883639283    200    12300    2
0.005933031163747771    150    2430    0
0.004151988704050424    500    50666    1
0.011247980130976387    200    12200    2
0.005933031165113789    150    2920    0
0.015399968834572064    200    12600    2
0.005933031165113789    150    2770    0
0.0031939887039680315    500    293874    1
0.012205980130604033    200    13200    2
0.005933031165568536    150    2610    0
0.015399968835028588    200    12650    2
0.005933031165112013    150    2470    0
0.0022359887043421622    500    25445    1
0.013163980129322184    200    12800    2
0.005933031166021507    150    2450    0
0.015399968833660793    200    13250    2
0.005933031166934555    150    2600    0
0.0012779887038067983    500    86947    1
0.014121980128946277    200    12700    2
0.005933031167387526    150    3650    0
0.015399968831390609    200    12700    2
0.0059330311687499915    150    2300    0
0.00031998870235838694    500    28427    1
0.01507998012948697    200    12450    2
0.005933031167840497    150    2480    0
0.01539996883184358    200    12700    2
0.0052950198705730145    500    124558    1
0.0006380112981787533    150    2410    0
0.015399968830022814    200    12850    2
0.005933031170117786    150    2410    0
0.015399968829569843    200    12250    2
0.004337019871854864    500    30366    1
0.001596011299170641    150    2420    0
0.015399968829569843    200    12450    2
0.005933031170570757    150    2440    0
0.015399968829115096    200    13300    2
0.0033790198722289944    500    268100    1
0.0025540112987965102    150    2470    0
0.015399968829569843    200    12550    2
0.00593303117011601    150    2510    0
0.015399968829569843    200    12800    2
0.002421019870780583    500    20979    1
0.0035120112997901742    150    2470    0
0.015399968828207378    200    13000    2
0.00593303117238797    150    2460    0
0.015399968827296107    200    15400    2
0.0014630198720624321    500    71148    1
0.004470011300782062    150    2540    0
0.01539996882775263    200    14600    2
0.005933031171933223    150    2510    0
0.01539996882684136    200    11850    2
0.0005050198724330102    500    25375    1
0.005428011300866231    150    2490    0
0.015399968826384836    200    13800    2
0.005933031173755765    150    2510    0
0.014946988699650277    500    41909    1
0.000452980126281588    200    12600    2
0.005933031173753989    150    2580    0
0.01539996882502237    200    12850    2
0.005933031175118231    150    2540    0
0.013988988697747118    500    21112    1
0.0014109801277317757    200    12800    2
0.005933031174661707    150    2430    0
0.01539996882502237    200    13250    2
0.005933031174663483    150    2560    0
0.013030988698572443    500    210105    1
0.0023689801264481503    200    13550    2
0.0059330311755747545    150    2450    0
0.015399968823205157    200    11900    2
0.005933031176935444    150    2880    0
0.012072988697580556    500    17255    1
0.003326980126077572    200    12700    2
0.00593303117693722    150    2920    0
0.01539996882275041    200    12850    2
0.005933031177390191    150    2630    0
0.011114988696590444    500    28483    1
0.004284980125705218    200    12850    2
0.0059330311778449385    150    2550    0
0.015399968822748633    200    12200    2
0.005933031177846715    150    2490    0
0.010156988694687286    500    16261    1
0.005242980127153629    200    12150    2
0.0059330311778449385    150    2510    0
0.015399968820929644    200    12350    2
0.005933031179210957    150    2420    0
0.009198988695516164    500    75453    1
0.006200980124956956    200    11850    2
0.005933031180122228    150    2490    0
0.015399968820474896    200    13150    2
0.005933031179665704    150    2520    0
0.008240988694524276    500    14959    1
0.007158980124584602    200    12650    2
0.005933031180576975    150    2550    0
0.015399968819110654    200    12450    2
0.005933031181029946    150    3000    0
0.0072829886944436595    500    26005    1
0.008116980124210471    200    12450    2
0.005933031181941217    150    2700    0
0.01539996881865413    200    12750    2
0.00593303118148647    150    2450    0
0.006324988692542277    500    15029    1
0.009074980124749388    200    12900    2
0.005933031182848936    150    2310    0
0.015399968816836918    200    12900    2
0.005933031182848936    150    2400    0
0.005366988692458108    500    52367    1
0.010032980124380586    200    13500    2
0.005933031183301907    150    2380    0
0.015399968815470899    200    12700    2
0.0059330311846697015    150    2530    0
0.004408988692830462    500    16660    1
0.01099098012309696    200    12950    2
0.00593303118375843    150    2470    0
0.015399968815927423    200    12800    2
0.005933031184667925    150    2540    0
0.003450988692293322    500    26880    1
0.011948980121816888    200    15950    2
0.005933031186030391    150    2570    0
0.015399968813655462    200    14250    2
0.005933031186485138    150    2670    0
0.0024929886908449106    500    15407    1
0.0129069801232653    200    12650    2
0.005933031186485138    150    2980    0
0.015399968813197162    200    12150    2
0.005933031186488691    150    2980    0
0.001534988690311323    500    54922    1
0.01386498012379711    200    12500    2
0.005933031186032167    150    2420    0
0.01539996881365191    200    12400    2
0.005933031186488691    150    2510    0
0.00057698868977063    500    710668    1
0.014822980122518814    200    12500    2
0.005933031187396409    150    2560    0
0.015399968812289444    200    12400    2
0.005552019879358383    500    29071    1
0.00038101130849277354    150    2490    0
0.015399968812744191    200    12650    2
0.005933031187396409    150    2800    0
0.015399968811378173    200    12300    2
0.004594019878826572    500    76657    1
0.0013390113103906032    150    2730    0
0.015399968810468678    200    12650    2
0.005933031189671922    150    2600    0
0.015399968810015707    200    12100    2
0.0036360198791953735    500    44233    1
0.0022970113104747725    150    2600    0
0.015399968810925202    200    12200    2
0.005933031189215399    150    2550    0
0.015399968809562736    200    12350    2
0.0026780198795659516    500    206045    1
0.0032550113110119128    150    2510    0
0.015399968809106213    200    12600    2
0.005933031191489135    150    2380    0
0.015399968808198494    200    11950    2
0.0017200198808478007    500    49175    1
0.004213011310639558    150    2310    0
0.015399968807287223    200    12000    2
0.005933031192853377    150    2330    0
0.015399968807743747    200    12500    2
0.0007620198803106604    500    431046    1
0.005171011312540941    150    2420    0
0.0153999688068307    200    13900    2
0.005933031193309901    150    2310    0
0.015203988687064296    500    36701    1
0.0001959801193134325    200    13700    2
0.005933031193762872    150    2380    0
0.015399968806834252    200    12550    2
0.005933031192851601    150    2260    0
0.014245988686980127    500    90083    1
0.0011539801198523492    200    11750    2
0.005933031193762872    150    2290    0
0.01539996880501171    200    12500    2
0.0059330311951288905    150    2560    0
0.013287988686894181    500    52255    1
0.002111980117664558    200    12850    2
0.005933031196036609    150    2260    0
0.015399968804556963    200    12450    2
0.005933031195583638    150    2500    0
0.012329988684086857    500    51443    1
0.0030699801191076403    200    19200    2
0.005933031196491356    150    2450    0
0.01539996880319272    200    11750    2
0.00593303119694788    150    2340    0
0.011371988684913958    500    26887    1
0.004027980117825791    200    11700    2
0.005933031197400851    150    2400    0
0.015399968801377284    200    12200    2
0.005933031199218064    150    2570    0
0.01041398868392207    500    406119    1
0.004985980117453437    200    14250    2
0.005933031198310346    150    2780    0
0.015399968801377284    200    11850    2
0.005933031199218064    150    2620    0
0.009455988683386707    500    29533    1
0.005943980117079306    200    13550    2
0.005933031199674588    150    2450    0
0.015399968799099994    200    12650    2
0.005933031201040606    150    2480    0
0.008497988681936519    500    37758    1
0.006901980117619999    200    12350    2
0.005933031200584082    150    2460    0
0.015399968799099994    200    11750    2
0.005933031200585859    150    2530    0
0.007539988682763621    500    24584    1
0.007859980115425103    200    12050    2
0.005933031201951877    150    2590    0
0.015399968797735752    200    12250    2
0.005933031202404848    150    2560    0
0.006581988682228257    500    90818    1
0.00881798011596402    200    12100    2
0.005933031201493577    150    2600    0
0.015399968798192276    200    12450    2
0.0059330312019483245    150    2530    0
0.005623988682145864    500    28840    1
0.009775980116499383    200    12350    2
0.005933031201950101    150    3060    0
0.015399968797737529    200    12450    2
0.005933031202403072    150    2800    0
0.0046659886811522    500    36652    1
0.010733980115221087    200    12600    2
0.0059330312033125665    150    2770    0
0.015399968796373287    200    12300    2
0.005933031204222061    150    2560    0
0.0037079886815263308    500    24031    1
0.011691980114846956    200    12600    2
0.005933031203767314    150    2530    0
0.015399968795009045    200    12150    2
0.005933031205131556    150    2520    0
0.002749988680990967    500    86870    1
0.012649980113565107    200    12500    2
0.005933031206039274    150    2480    0
0.015399968793644803    200    12650    2
0.005933031206495798    150    2560    0
0.0017919886790895845    500    29309    1
0.013607980115009966    200    12850    2
0.005933031205586303    150    2600    0
0.015399968793188279    200    12900    2
0.005933031206952322    150    2580    0
0.0008339886790054152    500    33544    1
0.014565980113729893    200    11700    2
0.00593303120786004    150    3530    0
0.015399968791825813    200    12700    2
0.0058090198863265385    500    23254    1
0.00012401132198824882    150    2390    0
0.015399968790461571    200    12600    2
0.005933031209224282    150    2430    0
0.015399968791371066    200    13400    2
0.004851019887610164    500    82586    1
0.0010820113211593707    150    2440    0
0.015399968790916319    200    15000    2
0.005933031209224282    150    2460    0
0.015399968789552076    200    12900    2
0.0038930198879825184    500    26600    1
0.0020400113221512584    150    2590    0
0.015399968789552076    200    13200    2
0.005933031210588524    150    2650    0
0.015399968790010377    200    12850    2
0.002935019887440049    500    33152    1
0.0029980113231449224    150    2810    0
0.015399968789095553    200    14850    2
0.005933031211045048    150    2460    0
0.015399968788642582    200    12100    2
0.001977019887819509    500    22029    1
0.003956011324133257    150    2550    0
0.015399968788642582    200    12900    2
0.005933031211498019    150    2500    0
0.015399968787280116    200    13200    2
0.001019019889096029    500    81865    1
0.004914011323309708    150    2550    0
0.01539996878727834    200    12350    2
0.005933031212862261    150    2560    0
0.015399968786821816    200    13050    2
6.101988765649935e-05    500    29379    1
0.005872011325662285    150    2800    0
0.01539996878727834    200    13250    2
0.0059330312124075135    150    2890    0
0.014502988675305417    500    36918    1
0.0008969801110616515    200    13700    2
0.005933031213773532    150    2550    0
0.015399968785914098    200    13050    2
0.005933031214226503    150    2590    0
0.0135449886747665    500    20720    1
0.0018549801106946262    200    12500    2
0.005933031215134221    150    2610    0
0.015399968783640361    200    12600    2
0.005933031216954987    150    2630    0
0.012586988673318089    500    73759    1
0.0028129801103204954    200    12450    2
0.005933031216047269    150    2450    0
0.015399968783640361    200    12600    2
0.00593303121650024    150    2390    0
0.011628988672327978    500    25956    1
0.0037709801099463647    200    12500    2
0.0059330312183210054    150    2420    0
0.015399968782277895    200    12650    2
0.005933031217862705    150    2400    0
0.010670988672245585    500    33299    1
0.004728980109572234    200    12500    2
0.005933031218322782    150    2380    0
0.01539996878045713    200    13250    2
0.005933031219228724    150    2420    0
0.009712988672161416    500    21217    1
0.0056869801082939375    200    12650    2
0.0059330312196852475    150    2570    0
0.015399968780911877    200    12400    2
0.005933031219228724    150    2550    0
0.008754988671627828    500    68719    1
0.006644980108827525    200    12900    2
0.0059330312192305    150    2560    0
0.015399968780458906    200    12400    2
0.005933031219681695    150    2670    0
0.007796988671543659    500    26467    1
0.007602980109368218    200    13050    2
0.005933031219683471    150    2720    0
0.015399968779092887    200    15000    2
0.005933031221047713    150    3590    0
0.006838988671461266    500    33509    1
0.00856098010717865    200    14900    2
0.0059330312219554315    150    2370    0
0.015399968777730422    200    15100    2
0.0059330312219554315    150    2300    0
0.0058809886709241255    500    22771    1
0.009518980107715791    200    12200    2
0.005933031221500684    150    2530    0
0.015399968777272122    200    12350    2
0.005933031222868479    150    2420    0
0.004922988670385209    500    66563    1
0.010476980106433942    200    11600    2
0.00593303122332145    150    2560    0
0.015399968776362627    200    18450    2
0.005933031224232721    150    2590    0
0.0039649886684838265    500    29442    1
0.011434980106061587    200    11400    2
0.005933031225140439    150    2470    0
0.015399968775454909    200    10750    2
0.005933031225140439    150    2510    0
0.003006988667950239    500    36421    1
0.012392980106595175    200    12250    2
0.005933031225595187    150    2700    0
0.015399968773182948    200    11950    2
0.005933031226957652    150    2320    0
0.002048988668320817    500    21693    1
0.013350980104405608    200    12000    2
0.005933031226959429    150    2470    0
0.01539996877363592    200    11850    2
0.005933031226504681    150    2750    0
0.001090988668238424    500    63231    1
0.014308980104944524    200    11800    2
0.005933031226957652    150    3860    0
0.0153999687727282    200    11350    2
0.005933031226957652    150    2290    0
0.00013298866724653635    500    26061    1
0.015266980106389383    200    13050    2
0.005933031226504681    150    2410    0
0.015399968772271677    200    12700    2
0.0051080198945783195    500    35791    1
0.0008250113332906039    150    2470    0
0.015399968771813377    200    12900    2
0.005933031228781971    150    2510    0
0.015399968770909211    200    11900    2
0.004150019895858392    500    22008    1
0.0017830113333729969    150    2540    0
0.015399968771363959    200    12950    2
0.0059330312283218944    150    2540    0
0.015399968770452688    200    14250    2
0.0031920198962342994    500    64652    1
0.002741011333908361    150    2660    0
0.015399968769541417    200    12900    2
0.005933031230599184    150    2860    0
0.015399968769088446    200    12550    2
0.0022340198956953827    500    29099    1
0.003699011335356772    150    2870    0
0.01539996876772598    200    11850    2
0.005933031232869368    150    2920    0
0.015399968767724204    200    12250    2
0.0012760198960659608    500    60200    1
0.004657011335895689    150    2780    0
0.01539996876772598    200    13100    2
0.005933031232414621    150    2780    0
0.015399968768178951    200    12900    2
0.00031801989553059684    500    48125    1
0.005615011336431053    150    2680    0
0.015399968767724204    200    13450    2
0.005933031232871144    150    2640    0
0.014759988661808165    500    253715    1
0.0006399801050083198    200    12550    2
0.005933031232869368    150    2610    0
0.015399968765905214    200    13400    2
0.005933031235144881    150    2500    0
0.013801988661723996    500    52661    1
0.0015979801037300234    200    14200    2
0.005933031234231834    150    2490    0
0.01539996876544869    200    12400    2
0.00593303123469191    150    2530    0
0.01284398866164338    500    59535    1
0.002555980102441069    200    11750    2
0.005933031236056152    150    2350    0
0.015399968763631477    200    11800    2
0.005933031236054376    150    2220    0
0.01188598866155921    500    33012    1
0.0035139801029799855    200    13850    2
0.005933031235601405    150    2240    0
0.015399968764086225    200    12550    2
0.005933031236054376    150    2220    0
0.010927988660112575    500    407673    1
0.0044719801026094075    200    11750    2
0.005933031237873365    150    2310    0
0.01539996876181604    200    12350    2
0.0059330312378698125    150    2590    0
0.009969988659578988    500    47145    1
0.005429980103144771    200    12350    2
0.0059330312374168415    150    2900    0
0.01539996876135774    200    12100    2
0.00593303123878286    150    2610    0
0.009011988659949566    500    201565    1
0.006387980100955204    200    12500    2
0.0059330312387810835    150    2530    0
0.015399968760902993    200    12500    2
0.005933031239237607    150    2470    0
0.008053988659870726    500    41727    1
0.007345980099669802    200    12750    2
0.005933031240600073    150    2530    0
0.015399968759993499    200    12200    2
0.005933031240601849    150    2470    0
0.007095988658875285    500    447370    1
0.008303980100206942    200    12850    2
0.005933031241058373    150    2470    0
0.015399968757719762    200    12450    2
0.005933031242875586    150    2480    0
0.006137988657881621    500    27734    1
0.009261980098930422    200    13000    2
0.00593303124287381    150    2440    0
0.015399968757719762    200    12800    2
0.005933031242420839    150    2450    0
0.005179988658710499    500    37513    1
0.010219980098556292    200    12850    2
0.005933031243328557    150    2470    0
0.01539996875635552    200    12400    2
0.005933031243785081    150    2490    0
0.004221988657718612    500    22225    1
0.01117798009908988    200    12300    2
0.005933031242877362    150    2400    0
0.015399968755900773    200    12750    2
0.005933031244239828    150    2450    0
0.0032639886567285004    500    127631    1
0.012135980098719301    200    12700    2
0.005933031244692799    150    2370    0
0.015399968754989501    200    13900    2
0.005933031244696352    150    2390    0
0.0023059886566461074    500    26845    1
0.013093980099256441    200    12700    2
0.005933031244238052    150    2450    0
0.01539996875453653    200    12700    2
0.00593303124560407    150    2470    0
0.0013479886561071908    500    34118    1
0.014051980097972816    200    13400    2
0.005933031246515341    150    2450    0
0.015399968753174065    200    13800    2
0.005933031246966536    150    2510    0
0.0003899886560247978    500    20223    1
0.015009980095781472    200    12450    2
0.005933031248789078    150    2570    0
0.015399968751809823    200    12450    2
0.00536501990245597    500    85652    1
0.0005680113454200608    150    2640    0
0.015399968751808046    200    12950    2
0.005933031248332554    150    2570    0
0.015399968750443804    200    12450    2
0.0044070199037413715    500    27356    1
0.0015260113459554248    150    3630    0
0.015399968750898552    200    19300    2
0.005933031248787302    150    2830    0
0.015399968750900328    200    11600    2
0.003449019903197126    500    31717    1
0.002484011346497894    150    2320    0
0.015399968749989057    200    11850    2
0.005933031250151544    150    2490    0
0.015399968750443804    200    12250    2
0.0024910199035712566    500    19586    1
0.003442011346580287    150    2370    0
0.015399968749536086    200    12200    2
0.005933031250604515    150    2460    0
0.015399968748170068    200    12600    2
0.0015330199030358926    500    89313    1
0.00440001134893464    150    2510    0
0.01539996874771532    200    12000    2
0.005933031251970533    150    2450    0
0.015399968748626591    200    12550    2
0.0005750199034046943    500    26166    1
0.005358011348109315    150    2460    0
0.015399968748166515    200    13600    2
0.005933031251974086    150    2770    0
0.015016988651497698    500    34300    1
0.00038298009530635113    200    14750    2
0.005933031252881804    150    2510    0
0.015399968746805826    200    12050    2
0.0059330312537895225    150    2560    0
0.014058988650958781    500    20300    1
0.0013409800958470441    200    12300    2
0.005933031253334775    150    2540    0
0.015399968745441583    200    12150    2
0.0059330312551537645    150    2410    0
0.013100988649057399    500    93443    1
0.0022989800954729134    200    12400    2
0.005933031255610288    150    2450    0
0.015399968744079118    200    12150    2
0.0059330312556067355    150    2550    0
0.012142988649882724    500    23877    1
0.0032569800932851223    200    12100    2
0.005933031256972754    150    2590    0
0.01539996874362437    200    12350    2
0.00593303125651623    150    2620    0
0.01118498864934736    500    30800    1
0.004214980093820486    200    13550    2
0.0059330312565180066    150    2470    0
0.015399968742256576    200    12650    2
0.00593303125879352    150    2520    0
0.01022698864835725    500    22512    1
0.005172980092535084    200    12600    2
0.00593303125879352    150    3010    0
0.015399968741801828    200    12500    2
0.005933031258338772    150    2480    0
0.009268988647365362    500    83538    1
0.006130980093983496    200    12250    2
0.005933031258791743    150    2430    0
0.01539996874089411    200    12000    2
0.005933031259701238    150    2460    0
0.008310988646371698    500    26257    1
0.007088980094520636    200    11900    2
0.00593303125879352    150    2420    0
0.015399968739982839    200    13000    2
0.005933031260612509    150    2570    0
0.007352988646744052    500    31164    1
0.008046980092331069    200    13150    2
0.00593303126106548    150    2520    0
0.015399968738620373    200    19250    2
0.005933031261520227    150    2480    0
0.006394988646206912    500    19257    1
0.009004980092868209    200    16600    2
0.005933031260610733    150    2550    0
0.015399968738167402    200    11500    2
0.005933031261973198    150    2540    0
0.005436988646126295    500    80059    1
0.009962980091582807    200    12700    2
0.0059330312624314985    150    2420    0
0.015399968737254355    200    11150    2
0.0059330312624314985    150    2430    0
0.004478988646042126    500    25781    1
0.010920980090302734    200    12400    2
0.005933031264705235    150    2520    0
0.015399968735890113    200    12050    2
0.0059330312637957405    150    2500    0
0.003520988645959733    500    29372    1
0.011878980089932156    200    12100    2
0.0059330312642487115    150    2530    0
0.015399968734529423    200    12500    2
0.005933031265611177    150    2620    0
0.0025629886454225925    500    16688    1
0.012836980089559802    200    12350    2
0.005933031264703459    150    2740    0
0.01539996873498417    200    12400    2
0.00593303126515643    150    2810    0
0.0016049886444307049    500    74340    1
0.013794980090095166    200    13500    2
0.00593303126561473    150    2510    0
0.015399968734982394    200    13150    2
0.005933031265612954    150    2510    0
0.0006469886434388172    500    26257    1
0.014752980090635859    200    12400    2
0.005933031265611177    150    2740    0
0.015399968733163405    200    12550    2
0.005622019911243115    500    31570    1
0.00031101135618882836    150    2620    0
0.015399968732252134    200    12100    2
0.005933031267888467    150    2500    0
0.015399968732708658    200    12200    2
0.004664019910707751    500    17080    1
0.0012690113567241923    150    2730    0
0.015399968732255687    200    14850    2
0.005933031268339661    150    2960    0
0.015399968730434921    200    14500    2
0.0037060199110765524    500    73059    1
0.0022270113586291274    150    2440    0
0.01539996872998195    200    12400    2
0.005933031269703903    150    2460    0
0.015399968730889668    200    12550    2
0.002748019910539412    500    26271    1
0.0031850113591662677    150    2700    0
0.015399968729070679    200    11900    2
0.005933031271069922    150    2720    0
0.015399968728615931    200    12100    2
0.0017900199118230375    500    31633    1
0.004143011359701632    150    2920    0
0.01539996872816296    200    12450    2
0.005933031271522893    150    2380    0
0.015399968727253466    200    13300    2
0.000832019914012605    500    18774    1
0.00510101135887453    150    2670    0
0.015399968727708213    200    11750    2
0.0059330312724323875    150    2570    0
0.01527398863981766    500    72639    1
0.00012598008743403    200    12150    2
0.005933031272434164    150    2210    0
0.015399968726340418    200    12500    2
0.00593303127425493    150    2370    0
0.014315988639280519    500    24857    1
0.0010839800861521809    200    12600    2
0.005933031274707901    150    2390    0
0.015399968725891    200    12350    2
0.0059330312742496005    150    2470    0
0.013357988638743379    500    40278    1
0.002041980086687545    200    17600    2
0.005933031274709677    150    2410    0
0.015399968724977953    200    13050    2
0.005933031274707901    150    2590    0
0.012399988637753268    500    21525    1
0.00299998008813418    200    11800    2
0.005933031274707901    150    2730    0
0.015399968724066682    200    12200    2
0.005933031276073919    150    2690    0
0.011441988636759604    500    68467    1
0.003957980086854107    200    12150    2
0.005933031276981637    150    2930    0
0.015399968722705992    200    12200    2
0.005933031277434608    150    2840    0
0.01048398863667721    500    25053    1
0.004915980086481753    200    12300    2
0.00593303127652689    150    2760    0
0.015399968722249469    200    12050    2
0.005933031277891132    150    2640    0
0.009525988636596594    500    33278    1
0.005873980085198127    200    12150    2
0.005933031278345879    150    2520    0
0.015399968721339974    200    13050    2
0.005933031278345879    150    2570    0
0.008567988636512425    500    18641    1
0.0068319800848293255    200    12000    2
0.00593303127879885    150    3170    0
0.01539996872088345    200    12500    2
0.005933031279711898    150    2360    0
0.007609988635520537    500    66290    1
0.007789980084455195    200    12150    2
0.005933031280164869    150    2270    0
0.015399968718609713    200    12350    2
0.005933031281530887    150    2320    0
0.006651988635894668    500    25046    1
0.008747980083169793    200    13000    2
0.0059330312806213925    150    2450    0
0.01539996871906446    200    12300    2
0.00593303128107614    150    2840    0
0.005693988635814051    500    31143    1
0.009705980082797439    200    12100    2
0.005933031281983858    150    2350    0
0.015399968718609713    200    12500    2
0.005933031281530887    150    2460    0
0.004735988633912669    500    21868    1
0.010663980084244074    200    12300    2
0.005933031281529111    150    2450    0
0.015399968717249024    200    14550    2
0.005933031283346324    150    2360    0
0.0037779886333755286    500    65212    1
0.011621980082962224    200    12600    2
0.005933031283802848    150    3540    0
0.015399968716790724    200    12850    2
0.005933031283349877    150    3390    0
0.0028199886337461066    500    23884    1
0.012579980082591646    200    12800    2
0.0059330312833481    150    2460    0
0.015399968715430035    200    12550    2
0.005933031285165313    150    2480    0
0.0018619886332089663    500    29043    1
0.013537980081308021    200    12650    2
0.005933031285623613    150    2340    0
0.015399968714975287    200    12500    2
0.005933031285620061    150    2370    0
0.0009039886313093604    500    17339    1
0.014495980081845161    200    12600    2
0.005933031286986079    150    2410    0
0.01539996871270155    200    12750    2
0.005879019918209494    500    58716    1
5.4011369229556294e-05    150    2570    0
0.01539996871224325    200    13400    2
0.005933031287442603    150    2810    0
0.015399968711333756    200    14500    2
0.004921019919496672    500    29036    1
0.0010120113693101729    150    2710    0
0.015399968711792056    200    12300    2
0.005933031288803292    150    2550    0
0.015399968710882561    200    12750    2
0.003963019919865474    500    30877    1
0.001970011369392566    150    2560    0
0.015399968709516543    200    12950    2
0.0059330312901693105    150    2500    0
0.015399968709518319    200    11950    2
0.0030050199202360517    500    18942    1
0.00292801137038623    150    2290    0
0.01539996870997129    200    12450    2
0.0059330312901693105    150    2250    0
0.015399968708607048    200    12250    2
0.002047019920611959    500    58506    1
0.0038860113704668464    150    2390    0
0.015399968708607048    200    12050    2
0.005933031291533553    150    2380    0
0.015399968708150524    200    12350    2
0.0010890199209843132    500    23786    1
0.004844011371005763    150    3440    0
0.015399968708608824    200    12250    2
0.005933031291077029    150    2220    0
0.015399968708603495    200    12650    2
0.00013101992044894928    500    44807    1
0.005802011371997651    150    2260    0
0.015399968707244582    200    12400    2
0.005933031292441271    150    2340    0
0.014572988627149286    500    39809    1
0.0008269800810030148    200    12250    2
0.005933031292443047    150    2290    0
0.015399968706333311    200    12650    2
0.005933031293807289    150    2310    0
0.01361498862706867    500    280903    1
0.001784980078811671    200    13100    2
0.00593303129426026    150    2370    0
0.015399968706333311    200    12150    2
0.005933031294262037    150    2400    0
0.012656988626076782    500    35077    1
0.00274298007843754    200    12650    2
0.005933031295171531    150    2450    0
0.015399968704514322    200    12650    2
0.005933031295626279    150    2400    0
0.011698988625994389    500    56224    1
0.003700980078066962    200    12900    2
0.005933031296533997    150    2440    0
0.015399968702240585    200    13400    2
0.0059330312979000155    150    2450    0
0.01074098862409123    500    47453    1
0.004658980078602326    200    13000    2
0.005933031296992297    150    2490    0
0.015399968702693556    200    12900    2
0.0059330312974470445    150    2500    0
0.00978298862400706    500    27531    1
0.005616980078233524    200    13000    2
0.005933031298354763    150    2460    0
0.015399968702240585    200    12950    2
0.0059330312979000155    150    2430    0
0.00882498862392822    500    263956    1
0.006574980077857617    200    12450    2
0.005933031298354763    150    2490    0
0.015399968700421596    200    12900    2
0.0059330312992642575    150    2430    0
0.007866988623845828    500    43106    1
0.007532980076575768    200    12750    2
0.005933031299719005    150    2550    0
0.015399968700876343    200    14000    2
0.0059330312992642575    150    2540    0
0.006908988623310464    500    342321    1
0.008490980077111132    200    19950    2
0.0059330312992642575    150    2440    0
0.015399968699512101    200    11400    2
0.005933031301083247    150    2560    0
0.005950988622773323    500    40859    1
0.00944898007583106    200    12100    2
0.005933031301536218    150    2730    0
0.015399968697238364    200    11900    2
0.005933031302902236    150    2920    0
0.004992988623143901    500    29554    1
0.010406980074547434    200    11850    2
0.005933031302904013    150    2600    0
0.015399968696783617    200    11950    2
0.005933031302902236    150    2450    0
0.004034988622606761    500    315196    1
0.01136498007417508    200    12600    2
0.00593303130335876    150    2440    0
0.015399968695419375    200    12100    2
0.005933031304721226    150    2480    0
0.0030769886211619024    500    379932    1
0.012322980074710443    200    12350    2
0.005933031304268255    150    2380    0
0.015399968695419375    200    12200    2
0.005933031304266478    150    2440    0
0.002118988621077733    500    22022    1
0.013280980074341642    200    12200    2
0.005933031304721226    150    2560    0
0.015399968695874122    200    12050    2
0.005933031304721226    150    2460    0
0.0011609886209953402    500    40600    1
0.014238980073969287    200    12750    2
0.0059330313056307205    150    2520    0
0.01539996869314919    200    12700    2
0.00593303130699141    150    2510    0
0.00020298862000345252    500    23793    1
0.015196980072690991    200    12850    2
0.00593303130699141    150    2540    0
0.015399968693600385    200    18100    2
0.005178019925548227    500    98273    1
0.0007550113809919878    150    2550    0
0.015399968693145638    200    12100    2
0.0059330313069949625    150    2440    0
0.015399968691781396    200    12350    2
0.004220019926833629    500    23422    1
0.001713011381070828    150    2480    0
0.015399968691781396    200    13250    2
0.0059330313083592046    150    2440    0
0.015399968692239696    200    12850    2
0.003262019926296489    500    105497    1
0.002671011382059163    150    2540    0
0.015399968690417154    200    12700    2
0.005933031309723447    150    2520    0
0.015399968689962407    200    12400    2
0.0023040199284878327    500    26089    1
0.0036290113816903613    150    2510    0
0.015399968690417154    200    12550    2
0.005933031309268699    150    2600    0
0.01539996868950766    200    12550    2
0.0013460199279506924    500    216846    1
0.004587011383136996    150    3000    0
0.015399968688598165    200    12950    2
0.005933031311542436    150    2940    0
0.01539996868814697    200    12400    2
0.00038801992831594134    500    27706    1
0.005545011384132437    150    2990    0
0.015399968686324428    200    12100    2
0.005933031313816173    150    2350    0
0.014829988615474576    500    92806    1
0.0005699800713045988    200    12350    2
0.005933031312906678    150    2470    0
0.015399968686779175    200    14400    2
0.005933031313361425    150    2460    0
0.013871988614482689    500    28161    1
0.0015279800718417391    200    12850    2
0.005933031313816173    150    2470    0
0.015399968686779175    200    12750    2
0.005933031313816173    150    2410    0
0.012913988613490801    500    180929    1
0.0024859800723788794    200    12750    2
0.005933031313816173    150    2500    0
0.015399968684960186    200    12700    2
0.0059330313160899095    150    2560    0
0.011955988613408408    500    20461    1
0.0034439800701875356    200    12750    2
0.0059330313160899095    150    2590    0
0.015399968684505438    200    12300    2
0.005933031315635162    150    2550    0
0.010997988613326015    500    44380    1
0.004401980070724676    200    12650    2
0.0059330313160899095    150    2440    0
0.015399968682686449    200    13000    2
0.005933031316999404    150    2570    0
0.01003998861324007    500    20853    1
0.0053599800694463795    200    13650    2
0.005933031317454152    150    2490    0
0.015399968683144749    200    12150    2
0.0059330313169958515    150    2490    0
0.009081988612706482    500    79793    1
0.006317980069070472    200    12800    2
0.005933031317908899    150    2550    0
0.015399968681773402    200    12650    2
0.005933031318367199    150    2530    0
0.008123988613533584    500    17899    1
0.007275980067788623    200    12550    2
0.005933031319273141    150    2550    0
0.01539996867950677    200    12650    2
0.00593303132063383    150    2560    0
0.007165988612541696    500    38584    1
0.008233980067416269    200    13000    2
0.005933031319727888    150    2510    0
0.015399968679957965    200    12800    2
0.005933031320637383    150    2710    0
0.006207988611095061    500    22064    1
0.009191980067043914    200    13500    2
0.005933031322001625    150    2830    0
0.015399968677687781    200    13250    2
0.00593303132245282    150    3610    0
0.005249988610557921    500    59780    1
0.010149980067577502    200    14450    2
0.005933031322459925    150    2750    0
0.01539996867722948    200    14550    2
0.00593303132291112    150    2720    0
0.004291988610475528    500    19201    1
0.011107980066302758    200    14000    2
0.005933031322907567    150    2430    0
0.015399968677684228    200    12950    2
0.0059330313224563724    150    2620    0
0.0033339886103966876    500    40110    1
0.012065980066832793    200    11850    2
0.005933031323365867    150    2860    0
0.015399968675414044    200    11750    2
0.0059330313247265565    150    2890    0
0.0023759886084917525    500    22792    1
0.013023980066463992    200    13450    2
0.005933031324730109    150    2460    0
0.01539996867404625    200    13100    2
0.005933031326094351    150    2250    0
0.0014179886084093596    500    54019    1
0.013981980066091637    200    11950    2
0.005933031325639604    150    2250    0
0.01539996867404625    200    18950    2
0.005933031325639604    150    2360    0
0.00045998860832696664    500    1258593    1
0.014939980066628777    200    11250    2
0.0059330313251848565    150    2360    0
0.015399968673591502    200    11450    2
0.00543501993524842    500    17402    1
0.0004980113917554263    150    2350    0
0.015399968672682007    200    11850    2
0.005933031327458593    150    2430    0
0.01539996867222726    200    11600    2
0.004477019934711279    500    9898    1
0.0014560113932020613    150    2510    0
0.015399968670863018    200    11300    2
0.00593303132973233    150    2500    0
0.015399968670863018    200    12500    2
0.0035190199350836338    500    185444    1
0.0024140113937392016    150    2370    0
0.015399968670863018    200    12200    2
0.005933031329277583    150    2420    0
0.015399968669498776    200    12100    2
0.002561019936365483    500    12404    1
0.003372011394276342    150    2450    0
0.015399968669044029    200    13100    2
0.005933031330641825    150    2380    0
0.015399968669953523    200    12200    2
0.0016030199358283426    500    21770    1
0.004330011394358735    150    2470    0
0.015399968669498776    200    12400    2
0.005933031330641825    150    2490    0
0.015399968669040476    200    12100    2
0.0006450199352912023    500    14371    1
0.00528801139626367    150    2570    0
0.015399968669044029    200    12350    2
0.0059330313315513195    150    2740    0
0.01508698860379809    500    100765    1
0.0003129800643364433    200    12450    2
0.0059330313315513195    150    3050    0
0.015399968667225039    200    12300    2
0.0059330313329155615    150    2490    0
0.014128988603715698    500    13797    1
0.0012709800630545942    200    12700    2
0.005933031333825056    150    2530    0
0.015399968666770292    200    12700    2
0.005933031333370309    150    2920    0
0.01317098860272381    500    22309    1
0.00222898006268224    200    12050    2
0.005933031334734551    150    2590    0
0.015399968664951302    200    13150    2
0.005933031334734551    150    2500    0
0.012212988601731922    500    11305    1
0.00318698006321938    200    15150    2
0.005933031335189298    150    2590    0
0.01539996866358706    200    13300    2
0.00593303133655354    150    2880    0
0.011254988601194782    500    90076    1
0.004144980062850578    200    12350    2
0.005933031335640493    150    2870    0
0.015399968664041808    200    12950    2
0.005933031336098793    150    2540    0
0.010296988602021884    500    14182    1
0.005102980060655682    200    13000    2
0.005933031337917782    150    2620    0
0.015399968661768071    200    13200    2
0.00593303133837253    150    2460    0
0.009338988601029996    500    17479    1
0.006060980061192822    200    13100    2
0.00593303133837253    150    2460    0
0.015399968661313324    200    12150    2
0.005933031338827277    150    2440    0
0.008380988600038108    500    13720    1
0.007018980060820468    200    19450    2
0.005933031338827277    150    2380    0
0.015399968661771624    200    11000    2
0.005933031338368977    150    2890    0
0.00742298860086521    500    89313    1
0.007976980060448113    200    11450    2
0.005933031338827277    150    2410    0
0.015399968659945529    200    11550    2
0.005933031340649819    150    2430    0
0.0064649885998733225    500    11494    1
0.008934980059166264    200    12450    2
0.0059330313406462665    150    2430    0
0.015399968659952634    200    12150    2
0.005933031340642714    150    2430    0
0.005506988599336182    500    18270    1
0.009892980058797463    200    12250    2
0.005933031342006956    150    2640    0
0.015399968657675345    200    12500    2
0.005933031342465256    150    2390    0
0.004548988597889547    500    12089    1
0.010850980060236992    200    12400    2
0.005933031341559314    150    2450    0
0.015399968657220597    200    12300    2
0.005933031342920003    150    2440    0
0.003590988597810707    500    80857    1
0.011808980058955143    200    12800    2
0.005933031343374751    150    2470    0
0.015399968656314655    200    12600    2
0.005933031343371198    150    2440    0
0.002632988598634256    500    11886    1
0.012766980056767352    200    12700    2
0.005933031344738993    150    2770    0
0.015399968655856355    200    13800    2
0.005933031344284245    150    2390    0
0.0016749885971911738    500    22568    1
0.013724980058210434    200    14250    2
0.00593303134519374    150    2470    0
0.015399968653582619    200    12700    2
0.005933031346557982    150    2690    0
0.0007169885961957334    500    10360    1
0.014682980056928585    200    12250    2
0.005933031346561535    150    2240    0
0.015399968654037366    200    12200    2
0.005692019942216575    500    87535    1
0.0002410114043414069    150    2380    0
0.015399968653131424    200    12700    2
0.005933031347009177    150    2450    0
0.015399968652673124    200    12750    2
0.0047340199425889296    500    12684    1
0.0011990114048785472    150    2570    0
0.015399968653124319    200    12750    2
0.0059330313474710294    150    2490    0
0.015399968651308882    200    14300    2
0.0037760199438707787    500    27909    1
0.0021570114045061928    150    2500    0
0.015399968651308882    200    15150    2
0.005933031348831719    150    2510    0
0.015399968650857687    200    14650    2
0.002818019943326533    500    13244    1
0.0031150114059563805    150    2510    0
0.015399968651308882    200    14650    2
0.005933031349286466    150    2520    0
0.015399968649489892    200    12100    2
0.0018600199437059928    500    116753    1
0.004073011406944715    150    2540    0
0.015399968649035145    200    12100    2
0.005933031351560203    150    2630    0
0.015399968648122098    200    12550    2
0.0009020199440818999    500    11354    1
0.005031011407481856    150    2830    0
0.015399968647219708    200    18200    2
0.005933031352466145    150    2690    0
0.015343988591663305    500    21770    1
5.598005646234583e-05    200    11300    2
0.005933031351560203    150    2720    0
0.015399968648129203    200    11200    2
0.0059330313520113975    150    2480    0
0.014385988591584464    500    13118    1
0.0010139800551804967    200    11300    2
0.005933031353830387    150    2490    0
0.015399968645851914    200    11550    2
0.005933031354288687    150    2580    0
0.013427988591502071    500    109487    1
0.0019719800548045896    200    12050    2
0.005933031354288687    150    2550    0
0.015399968645397166    200    11950    2
0.005933031354288687    150    2580    0
0.012469988590961378    500    12278    1
0.0029299800544393406    200    12200    2
0.005933031354739882    150    2560    0
0.015399968645848361    200    12050    2
0.00593303135429224    150    2560    0
0.01151198859042779    500    18907    1
0.0038879800549658228    200    12050    2
0.00593303135429224    150    2490    0
0.015399968644491224    200    12600    2
0.005933031355649376    150    2530    0
0.010553988590345398    500    9884    1
0.004845980054597021    200    12700    2
0.005933031355198182    150    2580    0
0.015399968644491224    200    12650    2
0.005933031355649376    150    3050    0
0.009595988590717752    500    83853    1
0.0058039800524021246    200    12900    2
0.005933031357475471    150    2520    0
0.015399968642213935    200    13450    2
0.005933031358381413    150    2480    0
0.008637988589271117    500    10220    1
0.006761980052939265    200    13850    2
0.005933031357475471    150    2870    0
0.015399968641300887    200    11600    2
0.005933031358839713    150    2430    0
0.007679988587373288    500    19019    1
0.007719980053479958    200    12250    2
0.0059330313597421025    150    2420    0
0.015399968639940198    200    11700    2
0.0059330313602004026    150    2470    0
0.0067219885863742945    500    11403    1
0.008677980052205214    200    12050    2
0.0059330313611063445    150    2390    0
0.015399968639481898    200    12450    2
0.005933031360658703    150    2490    0
0.005763988586295454    500    79583    1
0.009635980052735249    200    12700    2
0.005933031361109897    150    2310    0
0.015399968637670014    200    13250    2
0.005933031362470587    150    2390    0
0.004805988585761867    500    9765    1
0.0105939800514534    200    12700    2
0.005933031362470587    150    2490    0
0.015399968638124761    200    12950    2
0.005933031362015839    150    2610    0
0.0038479885865854158    500    19131    1
0.011551980050167998    200    12600    2
0.005933031363841934    150    3200    0
0.01539996863584392    200    12650    2
0.005933031364296681    150    2490    0
0.002889988585597081    500    13132    1
0.012509980049795644    200    12650    2
0.005933031365202623    150    2390    0
0.01539996863630222    200    14850    2
0.005933031363383634    150    2380    0
0.0019319885850563878    500    74382    1
0.013467980050336337    200    13550    2
0.005933031364747876    150    2480    0
0.015399968634937977    200    12200    2
0.005933031365202623    150    2650    0
0.0009739885854287422    500    13398    1
0.014425980049963982    200    12300    2
0.005933031364293129    150    2400    0
0.01539996863448323    200    12400    2
0.005933031366112118    150    2480    0
1.598858398210723e-05    500    18039    1
0.015383980049591628    200    11800    2
0.0059330313665668655    150    2420    0
0.015399968633115435    200    12400    2
0.004991019950473685    500    10766    1
0.0009420114170062277    150    2440    0
0.015399968631303551    200    12350    2
0.0059330313688370495    150    3590    0
0.015399968631754746    200    12200    2
0.004033019950838934    500    62860    1
0.0019000114175469207    150    3070    0
0.015399968631303551    200    12200    2
0.005933031368382302    150    2490    0
0.015399968630390504    200    12550    2
0.0030750199521207833    500    13636    1
0.0028580114176293137    150    2610    0
0.015399968629935756    200    13000    2
0.005933031370204844    150    2590    0
0.015399968630383398    200    12850    2
0.0021170199506812537    500    60746    1
0.0038160114186212013    150    2510    0
0.015399968630386951    200    12900    2
0.005933031370208397    150    2530    0
0.015399968629484562    200    13700    2
0.0011590199519524447    500    13734    1
0.004774011418703594    150    2570    0
0.015399968629935756    200    12300    2
0.005933031370204844    150    2480    0
0.015399968628571514    200    12650    2
0.0002010199523283518    500    32501    1
0.005732011418785987    150    2950    0
0.015399968628567962    200    12450    2
0.005933031371572639    150    2520    0
0.014642988580817473    500    13384    1
0.0007569800482158939    200    12250    2
0.005933031371561981    150    2610    0
0.015399968628113214    200    12550    2
0.005933031372027386    150    2330    0
0.013684988578919643    500    97594    1
0.0017149800478328814    200    12250    2
0.005933031373388076    150    2450    0
0.01539996862630133    200    12850    2
0.005933031374294018    150    2450    0
0.012726988577927756    500    22050    1
0.0026729800483700217    200    15450    2
0.005933031373388076    150    2480    0
0.015399968625391836    200    12400    2
0.005933031374748765    150    2490    0
0.011768988578751305    500    93835    1
0.0036309800461822306    200    12800    2
0.005933031375207065    150    2560    0
0.015399968624478788    200    13050    2
0.00593303137611656    150    2480    0
0.010810988577759417    500    24556    1
0.0045889800449003815    200    12850    2
0.0059330313770260545    150    2910    0
0.015399968623569293    200    13050    2
0.0059330313770260545    150    2650    0
0.009852988577222277    500    177338    1
0.005546980045433969    200    14650    2
0.005933031377484355    150    2450    0
0.015399968622205051    200    14250    2
0.005933031377935549    150    2470    0
0.008894988577594631    500    19166    1
0.006504980045065167    200    12800    2
0.0059330313770260545    150    2460    0
0.015399968622663351    200    12200    2
0.005933031377477249    150    2330    0
0.007936988577512238    500    66962    1
0.007462980043783318    200    11900    2
0.005933031378845044    150    2380    0
0.01539996862084081    200    13050    2
0.005933031379299791    150    2560    0
0.006978988576975098    500    21861    1
0.008420980044320459    200    13100    2
0.005933031379299791    150    2390    0
0.015399968620386062    200    12750    2
0.005933031379299791    150    2270    0
0.006020988575532016    500    89950    1
0.009378980043944551    200    12550    2
0.005933031380664033    150    2410    0
0.01539996861902182    200    12100    2
0.005933031381118781    150    2350    0
0.005062988574991323    500    22631    1
0.010336980044488797    200    12000    2
0.005933031380205733    150    2410    0
0.015399968618567073    200    12650    2
0.005933031381573528    150    2430    0
0.004104988575814872    500    207914    1
0.0112949800422939    200    12500    2
0.005933031382031828    150    2470    0
0.015399968617657578    200    12100    2
0.00593303138293777    150    2890    0
0.003146988574826537    500    16114    1
0.012252980041012052    200    13150    2
0.005933031383847265    150    2810    0
0.015399968616751636    200    12850    2
0.005933031383843712    150    2670    0
0.0021889885733763492    500    78274    1
0.01321098004246224    200    13100    2
0.005933031384302012    150    2560    0
0.015399968614470794    200    13500    2
0.005933031385669807    150    2540    0
0.0012309885728427616    500    22302    1
0.014168980041176837    200    12600    2
0.005933031386575749    150    2520    0
0.015399968614016046    200    13050    2
0.005933031386124554    150    2680    0
0.0002729885718544267    500    77616    1
0.015126980041713978    200    13400    2
0.005933031386117449    150    2540    0
0.015399968613564852    200    12700    2
0.005248019957438288    500    22281    1
0.0006850114295922083    150    2550    0
0.015399968613564852    200    12850    2
0.005933031386575749    150    2510    0
0.015399968613110104    200    13150    2
0.00429001995780709    500    177044    1
0.0016430114292234066    150    2610    0
0.015399968611749415    200    12350    2
0.005933031387936438    150    2540    0
0.015399968612655357    200    13600    2
0.003332019958179444    500    10346    1
0.0026010114293057995    150    2640    0
0.015399968612204162    200    12750    2
0.005933031387936438    150    2570    0
0.01539996861083992    200    12550    2
0.0023740199594577405    500    20160    1
0.0035590114293881925    150    2590    0
